CIUDAD LINEAL,1507,COLINA,15154,154,1,6,5,0,0,2022-12-20T11:03:25.400+01:00,2022-12-01T00:00:00.000+01:00,2022-12-01T00:00:00.000+01:00
CIUDAD LINEAL,1507,COLINA,15154,154,3,5,5,2,1,2022-12-20T11:03:25.400+01:00,2022-12-01T00:00:00.000+01:00,2022-12-01T00:00:00.000+01:00
CIUDAD LINEAL,1507,COLINA,15154,154,4,7,4,0,0,2022-12-20T11:03:25.400+01:00,2022-12-01T00:00:00.000+01:00,2022-12-01T00:00:00.000+01:00
CIUDAD LINEAL,1507,COLINA,15154,154,7,4,7,0,0,2022-12-20T11:03:25.400+01:00,2022-12-01T00:00:00.000+01:00,2022-12-01T00:00:00.000+01:00
CIUDAD LINEAL,1507,COLINA,15154,154,16,7,8,0,2,2022-12-20T11:03:25.400+01:00,2022-12-01T00:00:00.000+01:00,2022-12-01T00:00:00.000+01:00
CIUDAD LINEAL,1507,COLINA,15154,154,17,0,3,1,0,2022-12-20T11:03:25.400+01:00,2022-12-01T00:00:00.000+01:00,2022-12-01T00:00:00.000+01:00
CIUDAD LINEAL,1507,COLINA,15154,154,20,2,4,1,0,2022-12-20T11:03:25.400+01:00,2022-12-01T00:00:00.000+01:00,2022-12-01T00:00:00.000+01:00
CIUDAD LINEAL,1507,COLINA,15154,154,22,5,5,0,1,2022-12-20T11:03:25.400+01:00,2022-12-01T00:00:00.000+01:00,2022-12-01T00:00:00.000+01:00
CIUDAD LINEAL,1507,COLINA,15154,154,26,2,4,2,1,2022-12-20T11:03:25.400+01:00,2022-12-01T00:00:00.000+01:00,2022-12-01T00:00:00.000+01:00
CIUDAD LINEAL,1507,COLINA,15154,154,28,4,12,3,1,2022-12-20T11:03:25.400+01:00,2022-12-01T00:00:00.000+01:00,2022-12-01T00:00:00.000+01:00
CIUDAD LINEAL,1507,COLINA,15154,154,31,7,3,0,5,2022-12-20T11:03:25.400+01:00,2022-12-01T00:00:00.000+01:00,2022-12-01T00:00:00.000+01:00
CIUDAD LINEAL,1507,COLINA,15154,154,38,6,5,0,3,2022-12-20T11:03:25.400+01:00,2022-12-01T00:00:00.000+01:00,2022-12-01T00:00:00.000+01:00
CIUDAD LINEAL,1507,COLINA,15154,154,46,9,6,1,0,2022-12-20T11:03:25.400+01:00,2022-12-01T00:00:00.000+01:00,2022-12-01T00:00:00.000+01:00
CIUDAD LINEAL,1507,COLINA,15154,154,56,4,4,1,2,2022-12-20T11:03:25.400+01:00,2022-12-01T00:00:00.000+01:00,2022-12-01T00:00:00.000+01:00
CIUDAD LINEAL,1507,COLINA,15154,154,60,4,9,0,2,2022-12-20T11:03:25.400+01:00,2022-12-01T00:00:00.000+01:00,2022-12-01T00:00:00.000+01:00
CIUDAD LINEAL,1507,COLINA,15154,154,61,4,5,0,2,2022-12-20T11:03:25.400+01:00,2022-12-01T00:00:00.000+01:00,2022-12-01T00:00:00.000+01:00
CIUDAD LINEAL,1507,COLINA,15154,154,63,2,1,0,0,2022-12-20T11:03:25.400+01:00,2022-12-01T00:00:00.000+01:00,2022-12-01T00:00:00.000+01:00
CIUDAD LINEAL,1507,COLINA,15154,154,64,6,4,0,1,2022-12-20T11:03:25.400+01:00,2022-12-01T00:00:00.000+01:00,2022-12-01T00:00:00.000+01:00
CIUDAD LINEAL,1507,COLINA,15154,154,65,5,10,0,1,2022-12-20T11:03:25.400+01:00,2022-12-01T00:00:00.000+01:00,2022-12-01T00:00:00.000+01:00
CIUDAD LINEAL,1507,COLINA,15154,154,66,9,7,0,0,2022-12-20T11:03:25.400+01:00,2022-12-01T00:00:00.000+01:00,2022-12-01T00:00:00.000+01:00
CIUDAD LINEAL,1507,COLINA,15154,154,68,5,6,0,0,2022-12-20T11:03:25.400+01:00,2022-12-01T00:00:00.000+01:00,2022-12-01T00:00:00.000+01:00
CIUDAD LINEAL,1507,COLINA,15154,154,73,8,6,0,1,2022-12-20T11:03:25.400+01:00,2022-12-01T00:00:00.000+01:00,2022-12-01T00:00:00.000+01:00
CIUDAD LINEAL,1507,COLINA,15154,154,82,3,8,0,1,2022-12-20T11:03:25.400+01:00,2022-12-01T00:00:00.000+01:00,2022-12-01T00:00:00.000+01:00
CIUDAD LINEAL,1507,COLINA,15154,154,84,2,1,0,1,2022-12-20T11:03:25.400+01:00,2022-12-01T00:00:00.000+01:00,2022-12-01T00:00:00.000+01:00
CIUDAD LINEAL,1507,COLINA,15154,154,88,3,1,0,0,2022-12-20T11:03:25.400+01:00,2022-12-01T00:00:00.000+01:00,2022-12-01T00:00:00.000+01:00
CIUDAD LINEAL,1507,COLINA,15154,154,91,3,1,0,0,2022-12-20T11:03:25.400+01:00,2022-12-01T00:00:00.000+01:00,2022-12-01T00:00:00.000+01:00
CIUDAD LINEAL,1507,COLINA,15154,154,92,1,2,0,0,2022-12-20T11:03:25.400+01:00,2022-12-01T00:00:00.000+01:00,2022-12-01T00:00:00.000+01:00
CIUDAD LINEAL,1507,COLINA,15155,155,1,8,3,0,1,2022-12-20T11:03:25.400+01:00,2022-12-01T00:00:00.000+01:00,2022-12-01T00:00:00.000+01:00
CIUDAD LINEAL,1507,COLINA,15155,155,3,3,1,0,0,2022-12-20T11:03:25.400+01:00,2022-12-01T00:00:00.000+01:00,2022-12-01T00:00:00.000+01:00
CIUDAD LINEAL,1507,COLINA,15155,155,12,11,5,0,1,2022-12-20T11:03:25.400+01:00,2022-12-01T00:00:00.000+01:00,2022-12-01T00:00:00.000+01:00
CIUDAD LINEAL,1507,COLINA,15155,155,13,9,12,2,1,2022-12-20T11:03:25.400+01:00,2022-12-01T00:00:00.000+01:00,2022-12-01T00:00:00.000+01:00
CIUDAD LINEAL,1507,COLINA,15155,155,17,6,11,1,0,2022-12-20T11:03:25.400+01:00,2022-12-01T00:00:00.000+01:00,2022-12-01T00:00:00.000+01:00
CIUDAD LINEAL,1507,COLINA,15155,155,18,11,5,1,2,2022-12-20T11:03:25.400+01:00,2022-12-01T00:00:00.000+01:00,2022-12-01T00:00:00.000+01:00
CIUDAD LINEAL,1507,COLINA,15155,155,19,4,10,0,0,2022-12-20T11:03:25.400+01:00,2022-12-01T00:00:00.000+01:00,2022-12-01T00:00:00.000+01:00
CIUDAD LINEAL,1507,COLINA,15155,155,22,3,5,0,0,2022-12-20T11:03:25.400+01:00,2022-12-01T00:00:00.000+01:00,2022-12-01T00:00:00.000+01:00
CIUDAD LINEAL,1507,COLINA,15155,155,25,7,12,0,1,2022-12-20T11:03:25.400+01:00,2022-12-01T00:00:00.000+01:00,2022-12-01T00:00:00.000+01:00
CIUDAD LINEAL,1507,COLINA,15155,155,30,3,10,0,0,2022-12-20T11:03:25.400+01:00,2022-12-01T00:00:00.000+01:00,2022-12-01T00:00:00.000+01:00
CIUDAD LINEAL,1507,COLINA,15155,155,34,9,6,2,0,2022-12-20T11:03:25.400+01:00,2022-12-01T00:00:00.000+01:00,2022-12-01T00:00:00.000+01:00
CIUDAD LINEAL,1507,COLINA,15155,155,41,7,9,0,4,2022-12-20T11:03:25.400+01:00,2022-12-01T00:00:00.000+01:00,2022-12-01T00:00:00.000+01:00
CIUDAD LINEAL,1507,COLINA,15155,155,46,11,15,0,0,2022-12-20T11:03:25.400+01:00,2022-12-01T00:00:00.000+01:00,2022-12-01T00:00:00.000+01:00
CIUDAD LINEAL,1507,COLINA,15155,155,47,9,14,1,2,2022-12-20T11:03:25.400+01:00,2022-12-01T00:00:00.000+01:00,2022-12-01T00:00:00.000+01:00
CIUDAD LINEAL,1507,COLINA,15155,155,50,15,14,0,1,2022-12-20T11:03:25.400+01:00,2022-12-01T00:00:00.000+01:00,2022-12-01T00:00:00.000+01:00
CIUDAD LINEAL,1507,COLINA,15155,155,51,14,14,2,1,2022-12-20T11:03:25.400+01:00,2022-12-01T00:00:00.000+01:00,2022-12-01T00:00:00.000+01:00
CIUDAD LINEAL,1507,COLINA,15155,155,52,17,9,2,0,2022-12-20T11:03:25.400+01:00,2022-12-01T00:00:00.000+01:00,2022-12-01T00:00:00.000+01:00
CIUDAD LINEAL,1507,COLINA,15155,155,55,13,7,0,0,2022-12-20T11:03:25.400+01:00,2022-12-01T00:00:00.000+01:00,2022-12-01T00:00:00.000+01:00
CIUDAD LINEAL,1507,COLINA,15155,155,58,14,9,0,0,2022-12-20T11:03:25.400+01:00,2022-12-01T00:00:00.000+01:00,2022-12-01T00:00:00.000+01:00
CIUDAD LINEAL,1507,COLINA,15155,155,61,1,12,1,1,2022-12-20T11:03:25.400+01:00,2022-12-01T00:00:00.000+01:00,2022-12-01T00:00:00.000+01:00
CIUDAD LINEAL,1507,COLINA,15155,155,62,9,10,0,0,2022-12-20T11:03:25.400+01:00,2022-12-01T00:00:00.000+01:00,2022-12-01T00:00:00.000+01:00
CIUDAD LINEAL,1507,COLINA,15155,155,65,7,14,2,1,2022-12-20T11:03:25.400+01:00,2022-12-01T00:00:00.000+01:00,2022-12-01T00:00:00.000+01:00
CIUDAD LINEAL,1507,COLINA,15155,155,69,7,15,0,0,2022-12-20T11:03:25.400+01:00,2022-12-01T00:00:00.000+01:00,2022-12-01T00:00:00.000+01:00
CIUDAD LINEAL,1507,COLINA,15155,155,76,5,7,0,0,2022-12-20T11:03:25.400+01:00,2022-12-01T00:00:00.000+01:00,2022-12-01T00:00:00.000+01:00
CIUDAD LINEAL,1507,COLINA,15155,155,81,6,5,0,1,2022-12-20T11:03:25.400+01:00,2022-12-01T00:00:00.000+01:00,2022-12-01T00:00:00.000+01:00
CIUDAD LINEAL,1507,COLINA,15155,155,86,2,3,0,0,2022-12-20T11:03:25.427+01:00,2022-12-01T00:00:00.000+01:00,2022-12-01T00:00:00.000+01:00
CIUDAD LINEAL,1507,COLINA,15155,155,90,3,4,0,0,2022-12-20T11:03:25.427+01:00,2022-12-01T00:00:00.000+01:00,2022-12-01T00:00:00.000+01:00
CIUDAD LINEAL,1507,COLINA,15155,155,92,1,1,0,0,2022-12-20T11:03:25.427+01:00,2022-12-01T00:00:00.000+01:00,2022-12-01T00:00:00.000+01:00
CIUDAD LINEAL,1507,COLINA,15155,155,93,2,0,0,0,2022-12-20T11:03:25.427+01:00,2022-12-01T00:00:00.000+01:00,2022-12-01T00:00:00.000+01:00
CIUDAD LINEAL,1507,COLINA,15155,155,94,0,1,0,0,2022-12-20T11:03:25.427+01:00,2022-12-01T00:00:00.000+01:00,2022-12-01T00:00:00.000+01:00
CIUDAD LINEAL,1507,COLINA,15155,155,95,1,1,0,0,2022-12-20T11:03:25.427+01:00,2022-12-01T00:00:00.000+01:00,2022-12-01T00:00:00.000+01:00
CIUDAD LINEAL,1507,COLINA,15156,156,1,6,2,1,0,2022-12-20T11:03:25.427+01:00,2022-12-01T00:00:00.000+01:00,2022-12-01T00:00:00.000+01:00
CIUDAD LINEAL,1507,COLINA,15156,156,6,2,4,0,1,2022-12-20T11:03:25.427+01:00,2022-12-01T00:00:00.000+01:00,2022-12-01T00:00:00.000+01:00
CIUDAD LINEAL,1507,COLINA,15156,156,27,3,6,3,2,2022-12-20T11:03:25.427+01:00,2022-12-01T00:00:00.000+01:00,2022-12-01T00:00:00.000+01:00
CIUDAD LINEAL,1507,COLINA,15156,156,31,7,10,0,4,2022-12-20T11:03:25.427+01:00,2022-12-01T00:00:00.000+01:00,2022-12-01T00:00:00.000+01:00
CIUDAD LINEAL,1507,COLINA,15156,156,45,12,5,1,1,2022-12-20T11:03:25.427+01:00,2022-12-01T00:00:00.000+01:00,2022-12-01T00:00:00.000+01:00
CIUDAD LINEAL,1507,COLINA,15156,156,49,5,11,3,0,2022-12-20T11:03:25.427+01:00,2022-12-01T00:00:00.000+01:00,2022-12-01T00:00:00.000+01:00
CIUDAD LINEAL,1507,COLINA,15156,156,54,11,8,0,1,2022-12-20T11:03:25.427+01:00,2022-12-01T00:00:00.000+01:00,2022-12-01T00:00:00.000+01:00
CIUDAD LINEAL,1507,COLINA,15156,156,57,5,8,0,1,2022-12-20T11:03:25.427+01:00,2022-12-01T00:00:00.000+01:00,2022-12-01T00:00:00.000+01:00
CIUDAD LINEAL,1507,COLINA,15156,156,59,12,12,0,1,2022-12-20T11:03:25.427+01:00,2022-12-01T00:00:00.000+01:00,2022-12-01T00:00:00.000+01:00
CIUDAD LINEAL,1507,COLINA,15156,156,60,6,7,0,1,2022-12-20T11:03:25.430+01:00,2022-12-01T00:00:00.000+01:00,2022-12-01T00:00:00.000+01:00
CIUDAD LINEAL,1507,COLINA,15156,156,69,2,9,1,0,2022-12-20T11:03:25.430+01:00,2022-12-01T00:00:00.000+01:00,2022-12-01T00:00:00.000+01:00
CIUDAD LINEAL,1507,COLINA,15156,156,70,5,8,0,1,2022-12-20T11:03:25.430+01:00,2022-12-01T00:00:00.000+01:00,2022-12-01T00:00:00.000+01:00
CIUDAD LINEAL,1507,COLINA,15156,156,75,4,5,1,1,2022-12-20T11:03:25.430+01:00,2022-12-01T00:00:00.000+01:00,2022-12-01T00:00:00.000+01:00
CIUDAD LINEAL,1507,COLINA,15156,156,79,9,13,0,0,2022-12-20T11:03:25.430+01:00,2022-12-01T00:00:00.000+01:00,2022-12-01T00:00:00.000+01:00
CIUDAD LINEAL,1507,COLINA,15156,156,80,4,9,0,1,2022-12-20T11:03:25.430+01:00,2022-12-01T00:00:00.000+01:00,2022-12-01T00:00:00.000+01:00
CIUDAD LINEAL,1507,COLINA,15156,156,86,4,5,0,0,2022-12-20T11:03:25.430+01:00,2022-12-01T00:00:00.000+01:00,2022-12-01T00:00:00.000+01:00
CIUDAD LINEAL,1507,COLINA,15156,156,90,1,4,0,0,2022-12-20T11:03:25.430+01:00,2022-12-01T00:00:00.000+01:00,2022-12-01T00:00:00.000+01:00
CIUDAD LINEAL,1507,COLINA,15156,156,91,0,5,0,0,2022-12-20T11:03:25.430+01:00,2022-12-01T00:00:00.000+01:00,2022-12-01T00:00:00.000+01:00
CIUDAD LINEAL,1507,COLINA,15156,156,92,0,4,0,0,2022-12-20T11:03:25.430+01:00,2022-12-01T00:00:00.000+01:00,2022-12-01T00:00:00.000+01:00
CIUDAD LINEAL,1507,COLINA,15156,156,93,1,2,1,0,2022-12-20T11:03:25.430+01:00,2022-12-01T00:00:00.000+01:00,2022-12-01T00:00:00.000+01:00
CIUDAD LINEAL,1507,COLINA,15156,156,95,2,4,0,0,2022-12-20T11:03:25.430+01:00,2022-12-01T00:00:00.000+01:00,2022-12-01T00:00:00.000+01:00
CIUDAD LINEAL,1507,COLINA,15157,157,1,2,2,3,0,2022-12-20T11:03:25.430+01:00,2022-12-01T00:00:00.000+01:00,2022-12-01T00:00:00.000+01:00
CIUDAD LINEAL,1507,COLINA,15157,157,2,1,3,0,0,2022-12-20T11:03:25.430+01:00,2022-12-01T00:00:00.000+01:00,2022-12-01T00:00:00.000+01:00
CIUDAD LINEAL,1507,COLINA,15157,157,6,3,1,1,2,2022-12-20T11:03:25.430+01:00,2022-12-01T00:00:00.000+01:00,2022-12-01T00:00:00.000+01:00
CIUDAD LINEAL,1507,COLINA,15157,157,9,3,3,0,0,2022-12-20T11:03:25.430+01:00,2022-12-01T00:00:00.000+01:00,2022-12-01T00:00:00.000+01:00
CIUDAD LINEAL,1507,COLINA,15157,157,21,2,5,0,0,2022-12-20T11:03:25.430+01:00,2022-12-01T00:00:00.000+01:00,2022-12-01T00:00:00.000+01:00
CIUDAD LINEAL,1507,COLINA,15157,157,26,5,5,1,0,2022-12-20T11:03:25.430+01:00,2022-12-01T00:00:00.000+01:00,2022-12-01T00:00:00.000+01:00
CIUDAD LINEAL,1507,COLINA,15157,157,27,5,4,0,1,2022-12-20T11:03:25.430+01:00,2022-12-01T00:00:00.000+01:00,2022-12-01T00:00:00.000+01:00
CIUDAD LINEAL,1507,COLINA,15157,157,30,7,5,1,0,2022-12-20T11:03:25.430+01:00,2022-12-01T00:00:00.000+01:00,2022-12-01T00:00:00.000+01:00
CIUDAD LINEAL,1507,COLINA,15157,157,31,6,3,1,4,2022-12-20T11:03:25.430+01:00,2022-12-01T00:00:00.000+01:00,2022-12-01T00:00:00.000+01:00
CIUDAD LINEAL,1507,COLINA,15157,157,42,6,9,1,3,2022-12-20T11:03:25.430+01:00,2022-12-01T00:00:00.000+01:00,2022-12-01T00:00:00.000+01:00
CIUDAD LINEAL,1507,COLINA,15157,157,45,4,2,3,1,2022-12-20T11:03:25.430+01:00,2022-12-01T00:00:00.000+01:00,2022-12-01T00:00:00.000+01:00
CIUDAD LINEAL,1507,COLINA,15157,157,53,7,8,0,1,2022-12-20T11:03:25.430+01:00,2022-12-01T00:00:00.000+01:00,2022-12-01T00:00:00.000+01:00
CIUDAD LINEAL,1507,COLINA,15157,157,58,12,11,1,0,2022-12-20T11:03:25.430+01:00,2022-12-01T00:00:00.000+01:00,2022-12-01T00:00:00.000+01:00
CIUDAD LINEAL,1507,COLINA,15157,157,59,10,7,0,0,2022-12-20T11:03:25.430+01:00,2022-12-01T00:00:00.000+01:00,2022-12-01T00:00:00.000+01:00
CIUDAD LINEAL,1507,COLINA,15157,157,61,2,10,2,0,2022-12-20T11:03:25.430+01:00,2022-12-01T00:00:00.000+01:00,2022-12-01T00:00:00.000+01:00
CIUDAD LINEAL,1507,COLINA,15157,157,65,4,2,0,1,2022-12-20T11:03:25.430+01:00,2022-12-01T00:00:00.000+01:00,2022-12-01T00:00:00.000+01:00
CIUDAD LINEAL,1507,COLINA,15157,157,75,1,7,0,0,2022-12-20T11:03:25.430+01:00,2022-12-01T00:00:00.000+01:00,2022-12-01T00:00:00.000+01:00
CIUDAD LINEAL,1507,COLINA,15157,157,78,5,6,0,0,2022-12-20T11:03:25.430+01:00,2022-12-01T00:00:00.000+01:00,2022-12-01T00:00:00.000+01:00
CIUDAD LINEAL,1507,COLINA,15157,157,81,2,3,0,0,2022-12-20T11:03:25.430+01:00,2022-12-01T00:00:00.000+01:00,2022-12-01T00:00:00.000+01:00
CIUDAD LINEAL,1507,COLINA,15157,157,96,0,1,0,0,2022-12-20T11:03:25.430+01:00,2022-12-01T00:00:00.000+01:00,2022-12-01T00:00:00.000+01:00
CIUDAD LINEAL,1507,COLINA,15158,158,0,8,6,0,0,2022-12-20T11:03:25.430+01:00,2022-12-01T00:00:00.000+01:00,2022-12-01T00:00:00.000+01:00
CIUDAD LINEAL,1507,COLINA,15158,158,1,8,3,0,1,2022-12-20T11:03:25.430+01:00,2022-12-01T00:00:00.000+01:00,2022-12-01T00:00:00.000+01:00
CIUDAD LINEAL,1507,COLINA,15158,158,5,8,4,4,1,2022-12-20T11:03:25.430+01:00,2022-12-01T00:00:00.000+01:00,2022-12-01T00:00:00.000+01:00
CIUDAD LINEAL,1507,COLINA,15158,158,6,6,2,3,1,2022-12-20T11:03:25.430+01:00,2022-12-01T00:00:00.000+01:00,2022-12-01T00:00:00.000+01:00
CIUDAD LINEAL,1507,COLINA,15158,158,8,6,3,0,0,2022-12-20T11:03:25.430+01:00,2022-12-01T00:00:00.000+01:00,2022-12-01T00:00:00.000+01:00
CIUDAD LINEAL,1507,COLINA,15158,158,9,6,5,0,3,2022-12-20T11:03:25.430+01:00,2022-12-01T00:00:00.000+01:00,2022-12-01T00:00:00.000+01:00
CIUDAD LINEAL,1507,COLINA,15158,158,12,8,9,1,1,2022-12-20T11:03:25.430+01:00,2022-12-01T00:00:00.000+01:00,2022-12-01T00:00:00.000+01:00
CIUDAD LINEAL,1507,COLINA,15158,158,14,8,9,0,1,2022-12-20T11:03:25.430+01:00,2022-12-01T00:00:00.000+01:00,2022-12-01T00:00:00.000+01:00
CIUDAD LINEAL,1507,COLINA,15158,158,16,6,6,0,1,2022-12-20T11:03:25.430+01:00,2022-12-01T00:00:00.000+01:00,2022-12-01T00:00:00.000+01:00
CIUDAD LINEAL,1507,COLINA,15158,158,27,4,2,1,4,2022-12-20T11:03:25.430+01:00,2022-12-01T00:00:00.000+01:00,2022-12-01T00:00:00.000+01:00
CIUDAD LINEAL,1507,COLINA,15158,158,28,5,0,1,5,2022-12-20T11:03:25.430+01:00,2022-12-01T00:00:00.000+01:00,2022-12-01T00:00:00.000+01:00
CIUDAD LINEAL,1507,COLINA,15158,158,30,3,5,1,0,2022-12-20T11:03:25.430+01:00,2022-12-01T00:00:00.000+01:00,2022-12-01T00:00:00.000+01:00
CIUDAD LINEAL,1507,COLINA,15158,158,31,6,6,2,0,2022-12-20T11:03:25.430+01:00,2022-12-01T00:00:00.000+01:00,2022-12-01T00:00:00.000+01:00
CIUDAD LINEAL,1507,COLINA,15158,158,32,6,4,1,4,2022-12-20T11:03:25.430+01:00,2022-12-01T00:00:00.000+01:00,2022-12-01T00:00:00.000+01:00
CIUDAD LINEAL,1507,COLINA,15158,158,33,1,6,0,2,2022-12-20T11:03:25.430+01:00,2022-12-01T00:00:00.000+01:00,2022-12-01T00:00:00.000+01:00
CIUDAD LINEAL,1507,COLINA,15158,158,35,9,8,1,1,2022-12-20T11:03:25.430+01:00,2022-12-01T00:00:00.000+01:00,2022-12-01T00:00:00.000+01:00
CIUDAD LINEAL,1507,COLINA,15158,158,37,10,10,1,2,2022-12-20T11:03:25.430+01:00,2022-12-01T00:00:00.000+01:00,2022-12-01T00:00:00.000+01:00
CIUDAD LINEAL,1507,COLINA,15158,158,38,7,8,4,3,2022-12-20T11:03:25.430+01:00,2022-12-01T00:00:00.000+01:00,2022-12-01T00:00:00.000+01:00
CIUDAD LINEAL,1507,COLINA,15158,158,43,2,5,1,3,2022-12-20T11:03:25.430+01:00,2022-12-01T00:00:00.000+01:00,2022-12-01T00:00:00.000+01:00
CIUDAD LINEAL,1507,COLINA,15158,158,47,12,8,1,2,2022-12-20T11:03:25.430+01:00,2022-12-01T00:00:00.000+01:00,2022-12-01T00:00:00.000+01:00
CIUDAD LINEAL,1507,COLINA,15158,158,56,6,11,2,1,2022-12-20T11:03:25.430+01:00,2022-12-01T00:00:00.000+01:00,2022-12-01T00:00:00.000+01:00
CIUDAD LINEAL,1507,COLINA,15158,158,60,7,8,2,0,2022-12-20T11:03:25.430+01:00,2022-12-01T00:00:00.000+01:00,2022-12-01T00:00:00.000+01:00
CIUDAD LINEAL,1507,COLINA,15158,158,63,10,3,1,0,2022-12-20T11:03:25.430+01:00,2022-12-01T00:00:00.000+01:00,2022-12-01T00:00:00.000+01:00
CIUDAD LINEAL,1507,COLINA,15158,158,67,7,8,0,0,2022-12-20T11:03:25.430+01:00,2022-12-01T00:00:00.000+01:00,2022-12-01T00:00:00.000+01:00
CIUDAD LINEAL,1507,COLINA,15158,158,72,2,6,2,1,2022-12-20T11:03:25.430+01:00,2022-12-01T00:00:00.000+01:00,2022-12-01T00:00:00.000+01:00
CIUDAD LINEAL,1507,COLINA,15158,158,73,4,6,0,1,2022-12-20T11:03:25.430+01:00,2022-12-01T00:00:00.000+01:00,2022-12-01T00:00:00.000+01:00
CIUDAD LINEAL,1507,COLINA,15158,158,91,1,0,0,0,2022-12-20T11:03:25.430+01:00,2022-12-01T00:00:00.000+01:00,2022-12-01T00:00:00.000+01:00
CIUDAD LINEAL,1507,COLINA,15158,158,93,3,2,0,0,2022-12-20T11:03:25.430+01:00,2022-12-01T00:00:00.000+01:00,2022-12-01T00:00:00.000+01:00
CIUDAD LINEAL,1507,COLINA,15158,158,95,0,1,0,0,2022-12-20T11:03:25.430+01:00,2022-12-01T00:00:00.000+01:00,2022-12-01T00:00:00.000+01:00
CIUDAD LINEAL,1507,COLINA,15158,158,98,1,0,0,0,2022-12-20T11:03:25.430+01:00,2022-12-01T00:00:00.000+01:00,2022-12-01T00:00:00.000+01:00
CIUDAD LINEAL,1507,COLINA,15154,154,30,8,8,6,4,2022-12-20T11:03:25.437+01:00,2022-12-01T00:00:00.000+01:00,2022-12-01T00:00:00.000+01:00
CIUDAD LINEAL,1507,COLINA,15154,154,35,6,12,1,0,2022-12-20T11:03:25.437+01:00,2022-12-01T00:00:00.000+01:00,2022-12-01T00:00:00.000+01:00
CIUDAD LINEAL,1507,COLINA,15154,154,39,6,7,0,0,2022-12-20T11:03:25.437+01:00,2022-12-01T00:00:00.000+01:00,2022-12-01T00:00:00.000+01:00
CIUDAD LINEAL,1507,COLINA,15154,154,41,5,10,0,1,2022-12-20T11:03:25.437+01:00,2022-12-01T00:00:00.000+01:00,2022-12-01T00:00:00.000+01:00
CIUDAD LINEAL,1507,COLINA,15154,154,42,2,7,1,1,2022-12-20T11:03:25.437+01:00,2022-12-01T00:00:00.000+01:00,2022-12-01T00:00:00.000+01:00
CIUDAD LINEAL,1507,COLINA,15154,154,45,4,14,0,1,2022-12-20T11:03:25.437+01:00,2022-12-01T00:00:00.000+01:00,2022-12-01T00:00:00.000+01:00
CIUDAD LINEAL,1507,COLINA,15154,154,48,4,10,2,0,2022-12-20T11:03:25.437+01:00,2022-12-01T00:00:00.000+01:00,2022-12-01T00:00:00.000+01:00
CIUDAD LINEAL,1507,COLINA,15154,154,49,10,9,0,2,2022-12-20T11:03:25.437+01:00,2022-12-01T00:00:00.000+01:00,2022-12-01T00:00:00.000+01:00
CIUDAD LINEAL,1507,COLINA,15154,154,51,7,8,1,0,2022-12-20T11:03:25.437+01:00,2022-12-01T00:00:00.000+01:00,2022-12-01T00:00:00.000+01:00
CIUDAD LINEAL,1507,COLINA,15154,154,52,9,10,0,0,2022-12-20T11:03:25.437+01:00,2022-12-01T00:00:00.000+01:00,2022-12-01T00:00:00.000+01:00
CIUDAD LINEAL,1507,COLINA,15154,154,53,13,5,0,0,2022-12-20T11:03:25.437+01:00,2022-12-01T00:00:00.000+01:00,2022-12-01T00:00:00.000+01:00
CIUDAD LINEAL,1507,COLINA,15154,154,55,7,10,1,0,2022-12-20T11:03:25.437+01:00,2022-12-01T00:00:00.000+01:00,2022-12-01T00:00:00.000+01:00
CIUDAD LINEAL,1507,COLINA,15154,154,59,3,7,1,0,2022-12-20T11:03:25.437+01:00,2022-12-01T00:00:00.000+01:00,2022-12-01T00:00:00.000+01:00
CIUDAD LINEAL,1507,COLINA,15154,154,70,6,9,0,1,2022-12-20T11:03:25.437+01:00,2022-12-01T00:00:00.000+01:00,2022-12-01T00:00:00.000+01:00
CIUDAD LINEAL,1507,COLINA,15154,154,76,5,6,0,0,2022-12-20T11:03:25.437+01:00,2022-12-01T00:00:00.000+01:00,2022-12-01T00:00:00.000+01:00
CIUDAD LINEAL,1507,COLINA,15154,154,78,2,7,0,0,2022-12-20T11:03:25.437+01:00,2022-12-01T00:00:00.000+01:00,2022-12-01T00:00:00.000+01:00
CIUDAD LINEAL,1507,COLINA,15154,154,79,6,9,0,0,2022-12-20T11:03:25.437+01:00,2022-12-01T00:00:00.000+01:00,2022-12-01T00:00:00.000+01:00
CIUDAD LINEAL,1507,COLINA,15154,154,87,4,6,0,0,2022-12-20T11:03:25.437+01:00,2022-12-01T00:00:00.000+01:00,2022-12-01T00:00:00.000+01:00
CIUDAD LINEAL,1507,COLINA,15154,154,89,2,6,0,0,2022-12-20T11:03:25.437+01:00,2022-12-01T00:00:00.000+01:00,2022-12-01T00:00:00.000+01:00
CIUDAD LINEAL,1507,COLINA,15154,154,93,0,2,0,0,2022-12-20T11:03:25.437+01:00,2022-12-01T00:00:00.000+01:00,2022-12-01T00:00:00.000+01:00
CIUDAD LINEAL,1507,COLINA,15154,154,97,0,1,0,0,2022-12-20T11:03:25.437+01:00,2022-12-01T00:00:00.000+01:00,2022-12-01T00:00:00.000+01:00
CIUDAD LINEAL,1507,COLINA,15155,155,9,5,6,1,0,2022-12-20T11:03:25.437+01:00,2022-12-01T00:00:00.000+01:00,2022-12-01T00:00:00.000+01:00
CIUDAD LINEAL,1507,COLINA,15155,155,11,7,10,0,2,2022-12-20T11:03:25.437+01:00,2022-12-01T00:00:00.000+01:00,2022-12-01T00:00:00.000+01:00
CIUDAD LINEAL,1507,COLINA,15155,155,24,4,7,0,0,2022-12-20T11:03:25.437+01:00,2022-12-01T00:00:00.000+01:00,2022-12-01T00:00:00.000+01:00
CIUDAD LINEAL,1507,COLINA,15155,155,35,6,7,2,2,2022-12-20T11:03:25.437+01:00,2022-12-01T00:00:00.000+01:00,2022-12-01T00:00:00.000+01:00
CIUDAD LINEAL,1507,COLINA,15155,155,38,5,6,2,1,2022-12-20T11:03:25.437+01:00,2022-12-01T00:00:00.000+01:00,2022-12-01T00:00:00.000+01:00
CIUDAD LINEAL,1507,COLINA,15155,155,39,7,7,1,1,2022-12-20T11:03:25.437+01:00,2022-12-01T00:00:00.000+01:00,2022-12-01T00:00:00.000+01:00
CIUDAD LINEAL,1507,COLINA,15155,155,43,8,16,3,1,2022-12-20T11:03:25.437+01:00,2022-12-01T00:00:00.000+01:00,2022-12-01T00:00:00.000+01:00
CIUDAD LINEAL,1507,COLINA,15155,155,44,7,11,3,3,2022-12-20T11:03:25.437+01:00,2022-12-01T00:00:00.000+01:00,2022-12-01T00:00:00.000+01:00
CIUDAD LINEAL,1507,COLINA,15155,155,49,8,14,2,1,2022-12-20T11:03:25.437+01:00,2022-12-01T00:00:00.000+01:00,2022-12-01T00:00:00.000+01:00
CIUDAD LINEAL,1507,COLINA,15155,155,53,4,10,0,2,2022-12-20T11:03:25.437+01:00,2022-12-01T00:00:00.000+01:00,2022-12-01T00:00:00.000+01:00
CIUDAD LINEAL,1507,COLINA,15155,155,68,4,9,0,1,2022-12-20T11:03:25.437+01:00,2022-12-01T00:00:00.000+01:00,2022-12-01T00:00:00.000+01:00
CIUDAD LINEAL,1507,COLINA,15155,155,71,5,7,0,0,2022-12-20T11:03:25.437+01:00,2022-12-01T00:00:00.000+01:00,2022-12-01T00:00:00.000+01:00
CIUDAD LINEAL,1507,COLINA,15155,155,72,7,6,1,1,2022-12-20T11:03:25.437+01:00,2022-12-01T00:00:00.000+01:00,2022-12-01T00:00:00.000+01:00
CIUDAD LINEAL,1507,COLINA,15155,155,74,9,13,0,0,2022-12-20T11:03:25.437+01:00,2022-12-01T00:00:00.000+01:00,2022-12-01T00:00:00.000+01:00
CIUDAD LINEAL,1507,COLINA,15155,155,78,5,14,2,1,2022-12-20T11:03:25.437+01:00,2022-12-01T00:00:00.000+01:00,2022-12-01T00:00:00.000+01:00
CIUDAD LINEAL,1507,COLINA,15155,155,89,3,4,0,0,2022-12-20T11:03:25.437+01:00,2022-12-01T00:00:00.000+01:00,2022-12-01T00:00:00.000+01:00
CIUDAD LINEAL,1507,COLINA,15155,155,99,0,1,0,0,2022-12-20T11:03:25.437+01:00,2022-12-01T00:00:00.000+01:00,2022-12-01T00:00:00.000+01:00
CIUDAD LINEAL,1507,COLINA,15156,156,0,2,9,0,1,2022-12-20T11:03:25.437+01:00,2022-12-01T00:00:00.000+01:00,2022-12-01T00:00:00.000+01:00
CIUDAD LINEAL,1507,COLINA,15156,156,2,3,6,0,1,2022-12-20T11:03:25.437+01:00,2022-12-01T00:00:00.000+01:00,2022-12-01T00:00:00.000+01:00
CIUDAD LINEAL,1507,COLINA,15156,156,4,5,8,0,1,2022-12-20T11:03:25.437+01:00,2022-12-01T00:00:00.000+01:00,2022-12-01T00:00:00.000+01:00
CIUDAD LINEAL,1507,COLINA,15156,156,5,8,6,0,0,2022-12-20T11:03:25.437+01:00,2022-12-01T00:00:00.000+01:00,2022-12-01T00:00:00.000+01:00
CIUDAD LINEAL,1507,COLINA,15156,156,10,5,4,0,0,2022-12-20T11:03:25.437+01:00,2022-12-01T00:00:00.000+01:00,2022-12-01T00:00:00.000+01:00
CIUDAD LINEAL,1507,COLINA,15156,156,15,6,8,2,0,2022-12-20T11:03:25.437+01:00,2022-12-01T00:00:00.000+01:00,2022-12-01T00:00:00.000+01:00
CIUDAD LINEAL,1507,COLINA,15156,156,21,7,3,1,1,2022-12-20T11:03:25.437+01:00,2022-12-01T00:00:00.000+01:00,2022-12-01T00:00:00.000+01:00
CIUDAD LINEAL,1507,COLINA,15156,156,22,5,2,2,0,2022-12-20T11:03:25.437+01:00,2022-12-01T00:00:00.000+01:00,2022-12-01T00:00:00.000+01:00
CIUDAD LINEAL,1507,COLINA,15156,156,26,5,9,4,0,2022-12-20T11:03:25.437+01:00,2022-12-01T00:00:00.000+01:00,2022-12-01T00:00:00.000+01:00
CIUDAD LINEAL,1507,COLINA,15156,156,28,5,9,1,3,2022-12-20T11:03:25.437+01:00,2022-12-01T00:00:00.000+01:00,2022-12-01T00:00:00.000+01:00
CIUDAD LINEAL,1507,COLINA,15156,156,32,7,7,2,1,2022-12-20T11:03:25.437+01:00,2022-12-01T00:00:00.000+01:00,2022-12-01T00:00:00.000+01:00
CIUDAD LINEAL,1507,COLINA,15156,156,34,4,6,3,0,2022-12-20T11:03:25.437+01:00,2022-12-01T00:00:00.000+01:00,2022-12-01T00:00:00.000+01:00
CIUDAD LINEAL,1507,COLINA,15156,156,36,10,14,3,2,2022-12-20T11:03:25.437+01:00,2022-12-01T00:00:00.000+01:00,2022-12-01T00:00:00.000+01:00
CIUDAD LINEAL,1507,COLINA,15156,156,37,4,5,0,4,2022-12-20T11:03:25.437+01:00,2022-12-01T00:00:00.000+01:00,2022-12-01T00:00:00.000+01:00
CIUDAD LINEAL,1507,COLINA,15156,156,39,4,6,1,2,2022-12-20T11:03:25.437+01:00,2022-12-01T00:00:00.000+01:00,2022-12-01T00:00:00.000+01:00
CIUDAD LINEAL,1507,COLINA,15156,156,43,8,9,1,1,2022-12-20T11:03:25.437+01:00,2022-12-01T00:00:00.000+01:00,2022-12-01T00:00:00.000+01:00
CIUDAD LINEAL,1507,COLINA,15156,156,48,8,13,4,0,2022-12-20T11:03:25.437+01:00,2022-12-01T00:00:00.000+01:00,2022-12-01T00:00:00.000+01:00
CIUDAD LINEAL,1507,COLINA,15156,156,51,9,9,1,2,2022-12-20T11:03:25.437+01:00,2022-12-01T00:00:00.000+01:00,2022-12-01T00:00:00.000+01:00
CIUDAD LINEAL,1507,COLINA,15156,156,55,6,10,0,0,2022-12-20T11:03:25.437+01:00,2022-12-01T00:00:00.000+01:00,2022-12-01T00:00:00.000+01:00
CIUDAD LINEAL,1507,COLINA,15156,156,56,6,9,0,0,2022-12-20T11:03:25.437+01:00,2022-12-01T00:00:00.000+01:00,2022-12-01T00:00:00.000+01:00
CIUDAD LINEAL,1507,COLINA,15156,156,58,10,10,1,0,2022-12-20T11:03:25.437+01:00,2022-12-01T00:00:00.000+01:00,2022-12-01T00:00:00.000+01:00
CIUDAD LINEAL,1507,COLINA,15156,156,61,6,10,0,0,2022-12-20T11:03:25.437+01:00,2022-12-01T00:00:00.000+01:00,2022-12-01T00:00:00.000+01:00
CIUDAD LINEAL,1507,COLINA,15156,156,63,6,8,2,0,2022-12-20T11:03:25.437+01:00,2022-12-01T00:00:00.000+01:00,2022-12-01T00:00:00.000+01:00
CIUDAD LINEAL,1507,COLINA,15156,156,65,5,8,1,0,2022-12-20T11:03:25.437+01:00,2022-12-01T00:00:00.000+01:00,2022-12-01T00:00:00.000+01:00
CIUDAD LINEAL,1507,COLINA,15156,156,68,2,8,0,1,2022-12-20T11:03:25.437+01:00,2022-12-01T00:00:00.000+01:00,2022-12-01T00:00:00.000+01:00
CIUDAD LINEAL,1507,COLINA,15156,156,71,5,5,1,0,2022-12-20T11:03:25.437+01:00,2022-12-01T00:00:00.000+01:00,2022-12-01T00:00:00.000+01:00
CIUDAD LINEAL,1507,COLINA,15156,156,73,3,11,0,0,2022-12-20T11:03:25.437+01:00,2022-12-01T00:00:00.000+01:00,2022-12-01T00:00:00.000+01:00
CIUDAD LINEAL,1507,COLINA,15156,156,82,5,6,0,0,2022-12-20T11:03:25.437+01:00,2022-12-01T00:00:00.000+01:00,2022-12-01T00:00:00.000+01:00
CIUDAD LINEAL,1507,COLINA,15156,156,83,2,3,1,0,2022-12-20T11:03:25.437+01:00,2022-12-01T00:00:00.000+01:00,2022-12-01T00:00:00.000+01:00
CIUDAD LINEAL,1507,COLINA,15156,156,84,1,8,0,0,2022-12-20T11:03:25.437+01:00,2022-12-01T00:00:00.000+01:00,2022-12-01T00:00:00.000+01:00
CIUDAD LINEAL,1507,COLINA,15156,156,87,3,6,0,0,2022-12-20T11:03:25.437+01:00,2022-12-01T00:00:00.000+01:00,2022-12-01T00:00:00.000+01:00
CIUDAD LINEAL,1507,COLINA,15156,156,89,1,6,0,0,2022-12-20T11:03:25.437+01:00,2022-12-01T00:00:00.000+01:00,2022-12-01T00:00:00.000+01:00
CIUDAD LINEAL,1507,COLINA,15157,157,3,6,6,0,1,2022-12-20T11:03:25.437+01:00,2022-12-01T00:00:00.000+01:00,2022-12-01T00:00:00.000+01:00
CIUDAD LINEAL,1507,COLINA,15157,157,7,6,2,0,1,2022-12-20T11:03:25.437+01:00,2022-12-01T00:00:00.000+01:00,2022-12-01T00:00:00.000+01:00
CIUDAD LINEAL,1507,COLINA,15157,157,10,4,3,2,0,2022-12-20T11:03:25.437+01:00,2022-12-01T00:00:00.000+01:00,2022-12-01T00:00:00.000+01:00
CIUDAD LINEAL,1507,COLINA,15157,157,13,2,2,0,2,2022-12-20T11:03:25.437+01:00,2022-12-01T00:00:00.000+01:00,2022-12-01T00:00:00.000+01:00
CIUDAD LINEAL,1507,COLINA,15157,157,20,7,7,0,1,2022-12-20T11:03:25.437+01:00,2022-12-01T00:00:00.000+01:00,2022-12-01T00:00:00.000+01:00
CIUDAD LINEAL,1507,COLINA,15157,157,24,4,8,3,1,2022-12-20T11:03:25.437+01:00,2022-12-01T00:00:00.000+01:00,2022-12-01T00:00:00.000+01:00
CIUDAD LINEAL,1507,COLINA,15157,157,33,2,4,4,7,2022-12-20T11:03:25.437+01:00,2022-12-01T00:00:00.000+01:00,2022-12-01T00:00:00.000+01:00
CIUDAD LINEAL,1507,COLINA,15157,157,34,4,3,2,4,2022-12-20T11:03:25.437+01:00,2022-12-01T00:00:00.000+01:00,2022-12-01T00:00:00.000+01:00
CIUDAD LINEAL,1507,COLINA,15157,157,39,1,3,2,2,2022-12-20T11:03:25.437+01:00,2022-12-01T00:00:00.000+01:00,2022-12-01T00:00:00.000+01:00
CIUDAD LINEAL,1507,COLINA,15157,157,41,3,5,3,1,2022-12-20T11:03:25.437+01:00,2022-12-01T00:00:00.000+01:00,2022-12-01T00:00:00.000+01:00
CIUDAD LINEAL,1507,COLINA,15157,157,43,4,12,2,2,2022-12-20T11:03:25.437+01:00,2022-12-01T00:00:00.000+01:00,2022-12-01T00:00:00.000+01:00
CIUDAD LINEAL,1507,COLINA,15157,157,46,5,9,0,1,2022-12-20T11:03:25.437+01:00,2022-12-01T00:00:00.000+01:00,2022-12-01T00:00:00.000+01:00
CIUDAD LINEAL,1507,COLINA,15157,157,47,7,9,1,0,2022-12-20T11:03:25.437+01:00,2022-12-01T00:00:00.000+01:00,2022-12-01T00:00:00.000+01:00
CIUDAD LINEAL,1507,COLINA,15157,157,50,7,6,1,0,2022-12-20T11:03:25.437+01:00,2022-12-01T00:00:00.000+01:00,2022-12-01T00:00:00.000+01:00
CIUDAD LINEAL,1507,COLINA,15157,157,54,5,5,1,1,2022-12-20T11:03:25.437+01:00,2022-12-01T00:00:00.000+01:00,2022-12-01T00:00:00.000+01:00
CIUDAD LINEAL,1507,COLINA,15157,157,62,9,7,2,0,2022-12-20T11:03:25.437+01:00,2022-12-01T00:00:00.000+01:00,2022-12-01T00:00:00.000+01:00
CIUDAD LINEAL,1507,COLINA,15157,157,64,7,8,1,2,2022-12-20T11:03:25.437+01:00,2022-12-01T00:00:00.000+01:00,2022-12-01T00:00:00.000+01:00
CIUDAD LINEAL,1507,COLINA,15157,157,71,8,2,0,0,2022-12-20T11:03:25.437+01:00,2022-12-01T00:00:00.000+01:00,2022-12-01T00:00:00.000+01:00
CIUDAD LINEAL,1507,COLINA,15157,157,74,4,3,0,0,2022-12-20T11:03:25.437+01:00,2022-12-01T00:00:00.000+01:00,2022-12-01T00:00:00.000+01:00
CIUDAD LINEAL,1507,COLINA,15157,157,79,8,5,0,1,2022-12-20T11:03:25.437+01:00,2022-12-01T00:00:00.000+01:00,2022-12-01T00:00:00.000+01:00
CIUDAD LINEAL,1507,COLINA,15157,157,80,8,4,0,1,2022-12-20T11:03:25.437+01:00,2022-12-01T00:00:00.000+01:00,2022-12-01T00:00:00.000+01:00
CIUDAD LINEAL,1507,COLINA,15157,157,93,2,2,0,0,2022-12-20T11:03:25.437+01:00,2022-12-01T00:00:00.000+01:00,2022-12-01T00:00:00.000+01:00
CIUDAD LINEAL,1507,COLINA,15157,157,94,1,2,0,0,2022-12-20T11:03:25.437+01:00,2022-12-01T00:00:00.000+01:00,2022-12-01T00:00:00.000+01:00
CIUDAD LINEAL,1507,COLINA,15158,158,2,4,6,3,2,2022-12-20T11:03:25.437+01:00,2022-12-01T00:00:00.000+01:00,2022-12-01T00:00:00.000+01:00
CIUDAD LINEAL,1507,COLINA,15158,158,3,3,1,0,1,2022-12-20T11:03:25.437+01:00,2022-12-01T00:00:00.000+01:00,2022-12-01T00:00:00.000+01:00
CIUDAD LINEAL,1507,COLINA,15158,158,10,9,4,1,0,2022-12-20T11:03:25.437+01:00,2022-12-01T00:00:00.000+01:00,2022-12-01T00:00:00.000+01:00
CIUDAD LINEAL,1507,COLINA,15158,158,11,9,10,2,1,2022-12-20T11:03:25.437+01:00,2022-12-01T00:00:00.000+01:00,2022-12-01T00:00:00.000+01:00
CIUDAD LINEAL,1507,COLINA,15158,158,18,8,9,0,2,2022-12-20T11:03:25.437+01:00,2022-12-01T00:00:00.000+01:00,2022-12-01T00:00:00.000+01:00
CIUDAD LINEAL,1507,COLINA,15158,158,19,9,8,0,1,2022-12-20T11:03:25.437+01:00,2022-12-01T00:00:00.000+01:00,2022-12-01T00:00:00.000+01:00
CIUDAD LINEAL,1507,COLINA,15158,158,22,5,4,1,1,2022-12-20T11:03:25.437+01:00,2022-12-01T00:00:00.000+01:00,2022-12-01T00:00:00.000+01:00
CIUDAD LINEAL,1507,COLINA,15158,158,23,5,5,2,1,2022-12-20T11:03:25.437+01:00,2022-12-01T00:00:00.000+01:00,2022-12-01T00:00:00.000+01:00
CIUDAD LINEAL,1507,COLINA,15158,158,34,8,6,2,2,2022-12-20T11:03:25.437+01:00,2022-12-01T00:00:00.000+01:00,2022-12-01T00:00:00.000+01:00
CIUDAD LINEAL,1507,COLINA,15158,158,36,10,2,0,5,2022-12-20T11:03:25.437+01:00,2022-12-01T00:00:00.000+01:00,2022-12-01T00:00:00.000+01:00
CIUDAD LINEAL,1507,COLINA,15158,158,45,17,9,3,1,2022-12-20T11:03:25.437+01:00,2022-12-01T00:00:00.000+01:00,2022-12-01T00:00:00.000+01:00
CIUDAD LINEAL,1507,COLINA,15158,158,50,14,14,1,2,2022-12-20T11:03:25.437+01:00,2022-12-01T00:00:00.000+01:00,2022-12-01T00:00:00.000+01:00
CIUDAD LINEAL,1507,COLINA,15158,158,51,8,19,1,2,2022-12-20T11:03:25.437+01:00,2022-12-01T00:00:00.000+01:00,2022-12-01T00:00:00.000+01:00
CIUDAD LINEAL,1507,COLINA,15158,158,57,5,12,0,2,2022-12-20T11:03:25.437+01:00,2022-12-01T00:00:00.000+01:00,2022-12-01T00:00:00.000+01:00
CIUDAD LINEAL,1507,COLINA,15158,158,58,7,10,1,0,2022-12-20T11:03:25.437+01:00,2022-12-01T00:00:00.000+01:00,2022-12-01T00:00:00.000+01:00
CIUDAD LINEAL,1507,COLINA,15158,158,64,10,7,1,0,2022-12-20T11:03:25.437+01:00,2022-12-01T00:00:00.000+01:00,2022-12-01T00:00:00.000+01:00
CIUDAD LINEAL,1507,COLINA,15158,158,66,11,4,0,1,2022-12-20T11:03:25.437+01:00,2022-12-01T00:00:00.000+01:00,2022-12-01T00:00:00.000+01:00
CIUDAD LINEAL,1507,COLINA,15158,158,68,4,8,0,2,2022-12-20T11:03:25.437+01:00,2022-12-01T00:00:00.000+01:00,2022-12-01T00:00:00.000+01:00
CIUDAD LINEAL,1507,COLINA,15158,158,77,6,10,0,0,2022-12-20T11:03:25.437+01:00,2022-12-01T00:00:00.000+01:00,2022-12-01T00:00:00.000+01:00
CIUDAD LINEAL,1507,COLINA,15158,158,81,7,8,0,0,2022-12-20T11:03:25.437+01:00,2022-12-01T00:00:00.000+01:00,2022-12-01T00:00:00.000+01:00
CIUDAD LINEAL,1507,COLINA,15158,158,83,4,3,0,0,2022-12-20T11:03:25.437+01:00,2022-12-01T00:00:00.000+01:00,2022-12-01T00:00:00.000+01:00
CIUDAD LINEAL,1507,COLINA,15158,158,84,3,3,0,0,2022-12-20T11:03:25.437+01:00,2022-12-01T00:00:00.000+01:00,2022-12-01T00:00:00.000+01:00
CIUDAD LINEAL,1507,COLINA,15158,158,85,2,3,0,0,2022-12-20T11:03:25.437+01:00,2022-12-01T00:00:00.000+01:00,2022-12-01T00:00:00.000+01:00
CIUDAD LINEAL,1507,COLINA,15158,158,89,1,6,0,0,2022-12-20T11:03:25.437+01:00,2022-12-01T00:00:00.000+01:00,2022-12-01T00:00:00.000+01:00
CIUDAD LINEAL,1507,COLINA,15158,158,90,1,2,0,0,2022-12-20T11:03:25.437+01:00,2022-12-01T00:00:00.000+01:00,2022-12-01T00:00:00.000+01:00
CIUDAD LINEAL,1507,COLINA,15158,158,92,1,3,0,0,2022-12-20T11:03:25.437+01:00,2022-12-01T00:00:00.000+01:00,2022-12-01T00:00:00.000+01:00
CIUDAD LINEAL,1507,COLINA,15154,154,0,7,3,0,0,2022-12-20T11:03:25.437+01:00,2022-12-01T00:00:00.000+01:00,2022-12-01T00:00:00.000+01:00
CIUDAD LINEAL,1507,COLINA,15154,154,11,5,4,0,0,2022-12-20T11:03:25.437+01:00,2022-12-01T00:00:00.000+01:00,2022-12-01T00:00:00.000+01:00
CIUDAD LINEAL,1507,COLINA,15154,154,12,7,7,2,0,2022-12-20T11:03:25.437+01:00,2022-12-01T00:00:00.000+01:00,2022-12-01T00:00:00.000+01:00
CIUDAD LINEAL,1507,COLINA,15154,154,18,2,3,0,0,2022-12-20T11:03:25.437+01:00,2022-12-01T00:00:00.000+01:00,2022-12-01T00:00:00.000+01:00
CIUDAD LINEAL,1507,COLINA,15154,154,19,8,0,2,0,2022-12-20T11:03:25.437+01:00,2022-12-01T00:00:00.000+01:00,2022-12-01T00:00:00.000+01:00
CIUDAD LINEAL,1507,COLINA,15154,154,21,2,3,0,0,2022-12-20T11:03:25.437+01:00,2022-12-01T00:00:00.000+01:00,2022-12-01T00:00:00.000+01:00
CIUDAD LINEAL,1507,COLINA,15154,154,24,1,3,1,1,2022-12-20T11:03:25.437+01:00,2022-12-01T00:00:00.000+01:00,2022-12-01T00:00:00.000+01:00
CIUDAD LINEAL,1507,COLINA,15154,154,25,6,4,0,3,2022-12-20T11:03:25.437+01:00,2022-12-01T00:00:00.000+01:00,2022-12-01T00:00:00.000+01:00
CIUDAD LINEAL,1507,COLINA,15154,154,29,8,9,1,3,2022-12-20T11:03:25.437+01:00,2022-12-01T00:00:00.000+01:00,2022-12-01T00:00:00.000+01:00
CIUDAD LINEAL,1507,COLINA,15154,154,9,5,1,1,0,2022-12-20T11:03:25.493+01:00,2022-12-01T00:00:00.000+01:00,2022-12-01T00:00:00.000+01:00
CIUDAD LINEAL,1507,COLINA,15154,154,14,8,5,0,0,2022-12-20T11:03:25.493+01:00,2022-12-01T00:00:00.000+01:00,2022-12-01T00:00:00.000+01:00
CIUDAD LINEAL,1507,COLINA,15154,154,15,4,5,0,0,2022-12-20T11:03:25.493+01:00,2022-12-01T00:00:00.000+01:00,2022-12-01T00:00:00.000+01:00
CIUDAD LINEAL,1507,COLINA,15154,154,32,12,7,1,2,2022-12-20T11:03:25.493+01:00,2022-12-01T00:00:00.000+01:00,2022-12-01T00:00:00.000+01:00
CIUDAD LINEAL,1507,COLINA,15154,154,37,9,8,2,1,2022-12-20T11:03:25.493+01:00,2022-12-01T00:00:00.000+01:00,2022-12-01T00:00:00.000+01:00
CIUDAD LINEAL,1507,COLINA,15154,154,40,6,9,1,1,2022-12-20T11:03:25.493+01:00,2022-12-01T00:00:00.000+01:00,2022-12-01T00:00:00.000+01:00
CIUDAD LINEAL,1507,COLINA,15154,154,44,3,6,2,0,2022-12-20T11:03:25.493+01:00,2022-12-01T00:00:00.000+01:00,2022-12-01T00:00:00.000+01:00
CIUDAD LINEAL,1507,COLINA,15154,154,57,6,8,1,1,2022-12-20T11:03:25.493+01:00,2022-12-01T00:00:00.000+01:00,2022-12-01T00:00:00.000+01:00
CIUDAD LINEAL,1507,COLINA,15154,154,58,6,8,0,0,2022-12-20T11:03:25.493+01:00,2022-12-01T00:00:00.000+01:00,2022-12-01T00:00:00.000+01:00
CIUDAD LINEAL,1507,COLINA,15154,154,69,4,3,1,0,2022-12-20T11:03:25.493+01:00,2022-12-01T00:00:00.000+01:00,2022-12-01T00:00:00.000+01:00
CIUDAD LINEAL,1507,COLINA,15154,154,74,0,10,1,0,2022-12-20T11:03:25.493+01:00,2022-12-01T00:00:00.000+01:00,2022-12-01T00:00:00.000+01:00
CIUDAD LINEAL,1507,COLINA,15154,154,75,5,5,0,0,2022-12-20T11:03:25.493+01:00,2022-12-01T00:00:00.000+01:00,2022-12-01T00:00:00.000+01:00
CIUDAD LINEAL,1507,COLINA,15154,154,77,6,8,0,0,2022-12-20T11:03:25.493+01:00,2022-12-01T00:00:00.000+01:00,2022-12-01T00:00:00.000+01:00
CIUDAD LINEAL,1507,COLINA,15154,154,98,0,1,0,0,2022-12-20T11:03:25.493+01:00,2022-12-01T00:00:00.000+01:00,2022-12-01T00:00:00.000+01:00
CIUDAD LINEAL,1507,COLINA,15155,155,2,6,3,1,0,2022-12-20T11:03:25.493+01:00,2022-12-01T00:00:00.000+01:00,2022-12-01T00:00:00.000+01:00
CIUDAD LINEAL,1507,COLINA,15155,155,4,7,6,1,0,2022-12-20T11:03:25.493+01:00,2022-12-01T00:00:00.000+01:00,2022-12-01T00:00:00.000+01:00
CIUDAD LINEAL,1507,COLINA,15155,155,5,6,6,0,1,2022-12-20T11:03:25.493+01:00,2022-12-01T00:00:00.000+01:00,2022-12-01T00:00:00.000+01:00
CIUDAD LINEAL,1507,COLINA,15155,155,8,4,12,1,0,2022-12-20T11:03:25.493+01:00,2022-12-01T00:00:00.000+01:00,2022-12-01T00:00:00.000+01:00
CIUDAD LINEAL,1507,COLINA,15155,155,10,3,11,0,1,2022-12-20T11:03:25.493+01:00,2022-12-01T00:00:00.000+01:00,2022-12-01T00:00:00.000+01:00
CIUDAD LINEAL,1507,COLINA,15155,155,14,6,9,0,0,2022-12-20T11:03:25.493+01:00,2022-12-01T00:00:00.000+01:00,2022-12-01T00:00:00.000+01:00
CIUDAD LINEAL,1507,COLINA,15155,155,20,6,6,0,0,2022-12-20T11:03:25.493+01:00,2022-12-01T00:00:00.000+01:00,2022-12-01T00:00:00.000+01:00
CIUDAD LINEAL,1507,COLINA,15155,155,21,5,4,0,1,2022-12-20T11:03:25.493+01:00,2022-12-01T00:00:00.000+01:00,2022-12-01T00:00:00.000+01:00
CIUDAD LINEAL,1507,COLINA,15155,155,23,6,10,0,0,2022-12-20T11:03:25.493+01:00,2022-12-01T00:00:00.000+01:00,2022-12-01T00:00:00.000+01:00
CIUDAD LINEAL,1507,COLINA,15155,155,26,6,7,1,3,2022-12-20T11:03:25.493+01:00,2022-12-01T00:00:00.000+01:00,2022-12-01T00:00:00.000+01:00
CIUDAD LINEAL,1507,COLINA,15155,155,28,8,4,1,2,2022-12-20T11:03:25.493+01:00,2022-12-01T00:00:00.000+01:00,2022-12-01T00:00:00.000+01:00
CIUDAD LINEAL,1507,COLINA,15155,155,29,3,7,3,1,2022-12-20T11:03:25.493+01:00,2022-12-01T00:00:00.000+01:00,2022-12-01T00:00:00.000+01:00
CIUDAD LINEAL,1507,COLINA,15155,155,33,5,4,2,5,2022-12-20T11:03:25.493+01:00,2022-12-01T00:00:00.000+01:00,2022-12-01T00:00:00.000+01:00
CIUDAD LINEAL,1507,COLINA,15155,155,37,16,3,0,1,2022-12-20T11:03:25.493+01:00,2022-12-01T00:00:00.000+01:00,2022-12-01T00:00:00.000+01:00
CIUDAD LINEAL,1507,COLINA,15155,155,45,10,13,2,2,2022-12-20T11:03:25.493+01:00,2022-12-01T00:00:00.000+01:00,2022-12-01T00:00:00.000+01:00
CIUDAD LINEAL,1507,COLINA,15155,155,54,9,10,1,1,2022-12-20T11:03:25.493+01:00,2022-12-01T00:00:00.000+01:00,2022-12-01T00:00:00.000+01:00
CIUDAD LINEAL,1507,COLINA,15155,155,56,5,12,1,1,2022-12-20T11:03:25.493+01:00,2022-12-01T00:00:00.000+01:00,2022-12-01T00:00:00.000+01:00
CIUDAD LINEAL,1507,COLINA,15155,155,60,15,15,0,2,2022-12-20T11:03:25.493+01:00,2022-12-01T00:00:00.000+01:00,2022-12-01T00:00:00.000+01:00
CIUDAD LINEAL,1507,COLINA,15155,155,63,10,10,1,1,2022-12-20T11:03:25.493+01:00,2022-12-01T00:00:00.000+01:00,2022-12-01T00:00:00.000+01:00
CIUDAD LINEAL,1507,COLINA,15155,155,64,6,4,0,0,2022-12-20T11:03:25.493+01:00,2022-12-01T00:00:00.000+01:00,2022-12-01T00:00:00.000+01:00
CIUDAD LINEAL,1507,COLINA,15155,155,66,10,7,1,1,2022-12-20T11:03:25.493+01:00,2022-12-01T00:00:00.000+01:00,2022-12-01T00:00:00.000+01:00
CIUDAD LINEAL,1507,COLINA,15155,155,73,8,9,0,0,2022-12-20T11:03:25.493+01:00,2022-12-01T00:00:00.000+01:00,2022-12-01T00:00:00.000+01:00
CIUDAD LINEAL,1507,COLINA,15155,155,75,5,7,0,0,2022-12-20T11:03:25.493+01:00,2022-12-01T00:00:00.000+01:00,2022-12-01T00:00:00.000+01:00
CIUDAD LINEAL,1507,COLINA,15155,155,79,9,15,0,0,2022-12-20T11:03:25.493+01:00,2022-12-01T00:00:00.000+01:00,2022-12-01T00:00:00.000+01:00
CIUDAD LINEAL,1507,COLINA,15155,155,80,5,7,1,1,2022-12-20T11:03:25.493+01:00,2022-12-01T00:00:00.000+01:00,2022-12-01T00:00:00.000+01:00
CIUDAD LINEAL,1507,COLINA,15155,155,82,5,11,1,0,2022-12-20T11:03:25.493+01:00,2022-12-01T00:00:00.000+01:00,2022-12-01T00:00:00.000+01:00
CIUDAD LINEAL,1507,COLINA,15155,155,84,4,2,0,0,2022-12-20T11:03:25.493+01:00,2022-12-01T00:00:00.000+01:00,2022-12-01T00:00:00.000+01:00
CIUDAD LINEAL,1507,COLINA,15155,155,91,1,1,0,0,2022-12-20T11:03:25.493+01:00,2022-12-01T00:00:00.000+01:00,2022-12-01T00:00:00.000+01:00
CIUDAD LINEAL,1507,COLINA,15155,155,97,0,1,0,0,2022-12-20T11:03:25.493+01:00,2022-12-01T00:00:00.000+01:00,2022-12-01T00:00:00.000+01:00
CIUDAD LINEAL,1507,COLINA,15156,156,3,3,8,0,0,2022-12-20T11:03:25.493+01:00,2022-12-01T00:00:00.000+01:00,2022-12-01T00:00:00.000+01:00
CIUDAD LINEAL,1507,COLINA,15156,156,8,5,6,1,1,2022-12-20T11:03:25.493+01:00,2022-12-01T00:00:00.000+01:00,2022-12-01T00:00:00.000+01:00
CIUDAD LINEAL,1507,COLINA,15156,156,9,7,7,0,2,2022-12-20T11:03:25.493+01:00,2022-12-01T00:00:00.000+01:00,2022-12-01T00:00:00.000+01:00
CIUDAD LINEAL,1507,COLINA,15156,156,11,2,7,0,0,2022-12-20T11:03:25.493+01:00,2022-12-01T00:00:00.000+01:00,2022-12-01T00:00:00.000+01:00
CIUDAD LINEAL,1507,COLINA,15156,156,12,4,7,2,0,2022-12-20T11:03:25.493+01:00,2022-12-01T00:00:00.000+01:00,2022-12-01T00:00:00.000+01:00
CIUDAD LINEAL,1507,COLINA,15156,156,14,2,8,1,0,2022-12-20T11:03:25.493+01:00,2022-12-01T00:00:00.000+01:00,2022-12-01T00:00:00.000+01:00
CIUDAD LINEAL,1507,COLINA,15156,156,19,5,5,1,1,2022-12-20T11:03:25.493+01:00,2022-12-01T00:00:00.000+01:00,2022-12-01T00:00:00.000+01:00
CIUDAD LINEAL,1507,COLINA,15156,156,25,5,3,2,2,2022-12-20T11:03:25.493+01:00,2022-12-01T00:00:00.000+01:00,2022-12-01T00:00:00.000+01:00
CIUDAD LINEAL,1507,COLINA,15156,156,29,8,4,5,1,2022-12-20T11:03:25.493+01:00,2022-12-01T00:00:00.000+01:00,2022-12-01T00:00:00.000+01:00
CIUDAD LINEAL,1507,COLINA,15156,156,30,13,15,1,4,2022-12-20T11:03:25.493+01:00,2022-12-01T00:00:00.000+01:00,2022-12-01T00:00:00.000+01:00
CIUDAD LINEAL,1507,COLINA,15156,156,33,6,3,3,2,2022-12-20T11:03:25.493+01:00,2022-12-01T00:00:00.000+01:00,2022-12-01T00:00:00.000+01:00
CIUDAD LINEAL,1507,COLINA,15156,156,38,5,7,0,4,2022-12-20T11:03:25.493+01:00,2022-12-01T00:00:00.000+01:00,2022-12-01T00:00:00.000+01:00
CIUDAD LINEAL,1507,COLINA,15156,156,42,6,9,3,3,2022-12-20T11:03:25.493+01:00,2022-12-01T00:00:00.000+01:00,2022-12-01T00:00:00.000+01:00
CIUDAD LINEAL,1507,COLINA,15156,156,50,11,12,1,2,2022-12-20T11:03:25.493+01:00,2022-12-01T00:00:00.000+01:00,2022-12-01T00:00:00.000+01:00
CIUDAD LINEAL,1507,COLINA,15156,156,53,11,11,1,3,2022-12-20T11:03:25.493+01:00,2022-12-01T00:00:00.000+01:00,2022-12-01T00:00:00.000+01:00
CIUDAD LINEAL,1507,COLINA,15156,156,66,4,9,1,0,2022-12-20T11:03:25.493+01:00,2022-12-01T00:00:00.000+01:00,2022-12-01T00:00:00.000+01:00
CIUDAD LINEAL,1507,COLINA,15156,156,72,3,6,2,0,2022-12-20T11:03:25.493+01:00,2022-12-01T00:00:00.000+01:00,2022-12-01T00:00:00.000+01:00
CIUDAD LINEAL,1507,COLINA,15156,156,77,8,12,0,0,2022-12-20T11:03:25.493+01:00,2022-12-01T00:00:00.000+01:00,2022-12-01T00:00:00.000+01:00
CIUDAD LINEAL,1507,COLINA,15156,156,78,10,9,0,0,2022-12-20T11:03:25.493+01:00,2022-12-01T00:00:00.000+01:00,2022-12-01T00:00:00.000+01:00
CIUDAD LINEAL,1507,COLINA,15156,156,85,3,6,0,0,2022-12-20T11:03:25.493+01:00,2022-12-01T00:00:00.000+01:00,2022-12-01T00:00:00.000+01:00
CIUDAD LINEAL,1507,COLINA,15156,156,88,2,8,1,0,2022-12-20T11:03:25.493+01:00,2022-12-01T00:00:00.000+01:00,2022-12-01T00:00:00.000+01:00
CIUDAD LINEAL,1507,COLINA,15156,156,94,1,0,0,0,2022-12-20T11:03:25.493+01:00,2022-12-01T00:00:00.000+01:00,2022-12-01T00:00:00.000+01:00
CIUDAD LINEAL,1507,COLINA,15156,156,96,0,2,0,0,2022-12-20T11:03:25.493+01:00,2022-12-01T00:00:00.000+01:00,2022-12-01T00:00:00.000+01:00
CIUDAD LINEAL,1507,COLINA,15157,157,8,2,8,1,1,2022-12-20T11:03:25.493+01:00,2022-12-01T00:00:00.000+01:00,2022-12-01T00:00:00.000+01:00
CIUDAD LINEAL,1507,COLINA,15157,157,11,3,3,0,1,2022-12-20T11:03:25.493+01:00,2022-12-01T00:00:00.000+01:00,2022-12-01T00:00:00.000+01:00
CIUDAD LINEAL,1507,COLINA,15157,157,12,3,1,0,0,2022-12-20T11:03:25.493+01:00,2022-12-01T00:00:00.000+01:00,2022-12-01T00:00:00.000+01:00
CIUDAD LINEAL,1507,COLINA,15157,157,15,4,7,0,0,2022-12-20T11:03:25.493+01:00,2022-12-01T00:00:00.000+01:00,2022-12-01T00:00:00.000+01:00
CIUDAD LINEAL,1507,COLINA,15157,157,16,7,4,1,0,2022-12-20T11:03:25.493+01:00,2022-12-01T00:00:00.000+01:00,2022-12-01T00:00:00.000+01:00
CIUDAD LINEAL,1507,COLINA,15157,157,17,7,2,0,0,2022-12-20T11:03:25.493+01:00,2022-12-01T00:00:00.000+01:00,2022-12-01T00:00:00.000+01:00
CIUDAD LINEAL,1507,COLINA,15157,157,18,5,6,0,0,2022-12-20T11:03:25.493+01:00,2022-12-01T00:00:00.000+01:00,2022-12-01T00:00:00.000+01:00
CIUDAD LINEAL,1507,COLINA,15157,157,19,3,5,1,0,2022-12-20T11:03:25.493+01:00,2022-12-01T00:00:00.000+01:00,2022-12-01T00:00:00.000+01:00
CIUDAD LINEAL,1507,COLINA,15157,157,22,7,12,1,1,2022-12-20T11:03:25.493+01:00,2022-12-01T00:00:00.000+01:00,2022-12-01T00:00:00.000+01:00
CIUDAD LINEAL,1507,COLINA,15157,157,25,5,5,0,0,2022-12-20T11:03:25.493+01:00,2022-12-01T00:00:00.000+01:00,2022-12-01T00:00:00.000+01:00
CIUDAD LINEAL,1507,COLINA,15157,157,28,4,7,1,3,2022-12-20T11:03:25.493+01:00,2022-12-01T00:00:00.000+01:00,2022-12-01T00:00:00.000+01:00
CIUDAD LINEAL,1507,COLINA,15157,157,29,6,6,1,1,2022-12-20T11:03:25.493+01:00,2022-12-01T00:00:00.000+01:00,2022-12-01T00:00:00.000+01:00
CIUDAD LINEAL,1507,COLINA,15157,157,35,3,2,2,1,2022-12-20T11:03:25.493+01:00,2022-12-01T00:00:00.000+01:00,2022-12-01T00:00:00.000+01:00
CIUDAD LINEAL,1507,COLINA,15157,157,36,2,2,4,2,2022-12-20T11:03:25.493+01:00,2022-12-01T00:00:00.000+01:00,2022-12-01T00:00:00.000+01:00
CIUDAD LINEAL,1507,COLINA,15157,157,37,2,3,0,0,2022-12-20T11:03:25.493+01:00,2022-12-01T00:00:00.000+01:00,2022-12-01T00:00:00.000+01:00
CIUDAD LINEAL,1507,COLINA,15157,157,38,2,6,1,2,2022-12-20T11:03:25.493+01:00,2022-12-01T00:00:00.000+01:00,2022-12-01T00:00:00.000+01:00
CIUDAD LINEAL,1507,COLINA,15157,157,44,5,6,0,0,2022-12-20T11:03:25.493+01:00,2022-12-01T00:00:00.000+01:00,2022-12-01T00:00:00.000+01:00
CIUDAD LINEAL,1507,COLINA,15157,157,57,6,6,1,0,2022-12-20T11:03:25.493+01:00,2022-12-01T00:00:00.000+01:00,2022-12-01T00:00:00.000+01:00
CIUDAD LINEAL,1507,COLINA,15157,157,63,2,7,0,1,2022-12-20T11:03:25.493+01:00,2022-12-01T00:00:00.000+01:00,2022-12-01T00:00:00.000+01:00
CIUDAD LINEAL,1507,COLINA,15157,157,66,8,5,1,1,2022-12-20T11:03:25.493+01:00,2022-12-01T00:00:00.000+01:00,2022-12-01T00:00:00.000+01:00
CIUDAD LINEAL,1507,COLINA,15157,157,67,4,7,0,1,2022-12-20T11:03:25.493+01:00,2022-12-01T00:00:00.000+01:00,2022-12-01T00:00:00.000+01:00
CIUDAD LINEAL,1507,COLINA,15157,157,68,3,6,0,0,2022-12-20T11:03:25.493+01:00,2022-12-01T00:00:00.000+01:00,2022-12-01T00:00:00.000+01:00
CIUDAD LINEAL,1507,COLINA,15157,157,70,0,5,0,0,2022-12-20T11:03:25.493+01:00,2022-12-01T00:00:00.000+01:00,2022-12-01T00:00:00.000+01:00
CIUDAD LINEAL,1507,COLINA,15157,157,73,3,1,0,0,2022-12-20T11:03:25.493+01:00,2022-12-01T00:00:00.000+01:00,2022-12-01T00:00:00.000+01:00
CIUDAD LINEAL,1507,COLINA,15157,157,77,6,7,0,0,2022-12-20T11:03:25.493+01:00,2022-12-01T00:00:00.000+01:00,2022-12-01T00:00:00.000+01:00
CIUDAD LINEAL,1507,COLINA,15157,157,82,1,7,0,0,2022-12-20T11:03:25.493+01:00,2022-12-01T00:00:00.000+01:00,2022-12-01T00:00:00.000+01:00
CIUDAD LINEAL,1507,COLINA,15157,157,85,1,1,0,0,2022-12-20T11:03:25.493+01:00,2022-12-01T00:00:00.000+01:00,2022-12-01T00:00:00.000+01:00
CIUDAD LINEAL,1507,COLINA,15157,157,86,2,5,0,0,2022-12-20T11:03:25.493+01:00,2022-12-01T00:00:00.000+01:00,2022-12-01T00:00:00.000+01:00
CIUDAD LINEAL,1507,COLINA,15157,157,87,1,2,0,0,2022-12-20T11:03:25.493+01:00,2022-12-01T00:00:00.000+01:00,2022-12-01T00:00:00.000+01:00
CIUDAD LINEAL,1507,COLINA,15157,157,89,1,3,0,0,2022-12-20T11:03:25.493+01:00,2022-12-01T00:00:00.000+01:00,2022-12-01T00:00:00.000+01:00
CIUDAD LINEAL,1507,COLINA,15157,157,90,1,2,0,0,2022-12-20T11:03:25.493+01:00,2022-12-01T00:00:00.000+01:00,2022-12-01T00:00:00.000+01:00
CIUDAD LINEAL,1507,COLINA,15157,157,91,1,1,0,0,2022-12-20T11:03:25.493+01:00,2022-12-01T00:00:00.000+01:00,2022-12-01T00:00:00.000+01:00
CIUDAD LINEAL,1507,COLINA,15157,157,97,1,2,0,0,2022-12-20T11:03:25.493+01:00,2022-12-01T00:00:00.000+01:00,2022-12-01T00:00:00.000+01:00
CIUDAD LINEAL,1507,COLINA,15158,158,7,4,9,2,2,2022-12-20T11:03:25.493+01:00,2022-12-01T00:00:00.000+01:00,2022-12-01T00:00:00.000+01:00
CIUDAD LINEAL,1507,COLINA,15158,158,17,8,7,1,1,2022-12-20T11:03:25.493+01:00,2022-12-01T00:00:00.000+01:00,2022-12-01T00:00:00.000+01:00
CIUDAD LINEAL,1507,COLINA,15158,158,20,6,5,2,1,2022-12-20T11:03:25.493+01:00,2022-12-01T00:00:00.000+01:00,2022-12-01T00:00:00.000+01:00
CIUDAD LINEAL,1507,COLINA,15158,158,24,4,5,0,0,2022-12-20T11:03:25.493+01:00,2022-12-01T00:00:00.000+01:00,2022-12-01T00:00:00.000+01:00
CIUDAD LINEAL,1507,COLINA,15158,158,25,4,9,1,1,2022-12-20T11:03:25.493+01:00,2022-12-01T00:00:00.000+01:00,2022-12-01T00:00:00.000+01:00
CIUDAD LINEAL,1507,COLINA,15158,158,26,3,5,1,2,2022-12-20T11:03:25.493+01:00,2022-12-01T00:00:00.000+01:00,2022-12-01T00:00:00.000+01:00
CIUDAD LINEAL,1507,COLINA,15158,158,29,6,6,0,3,2022-12-20T11:03:25.493+01:00,2022-12-01T00:00:00.000+01:00,2022-12-01T00:00:00.000+01:00
CIUDAD LINEAL,1507,COLINA,15158,158,39,4,10,2,4,2022-12-20T11:03:25.493+01:00,2022-12-01T00:00:00.000+01:00,2022-12-01T00:00:00.000+01:00
CIUDAD LINEAL,1507,COLINA,15158,158,41,7,7,5,6,2022-12-20T11:03:25.493+01:00,2022-12-01T00:00:00.000+01:00,2022-12-01T00:00:00.000+01:00
CIUDAD LINEAL,1507,COLINA,15158,158,42,4,5,2,3,2022-12-20T11:03:25.493+01:00,2022-12-01T00:00:00.000+01:00,2022-12-01T00:00:00.000+01:00
CIUDAD LINEAL,1507,COLINA,15158,158,46,10,12,0,2,2022-12-20T11:03:25.493+01:00,2022-12-01T00:00:00.000+01:00,2022-12-01T00:00:00.000+01:00
CIUDAD LINEAL,1507,COLINA,15158,158,49,15,13,1,1,2022-12-20T11:03:25.493+01:00,2022-12-01T00:00:00.000+01:00,2022-12-01T00:00:00.000+01:00
CIUDAD LINEAL,1507,COLINA,15158,158,52,8,10,1,1,2022-12-20T11:03:25.493+01:00,2022-12-01T00:00:00.000+01:00,2022-12-01T00:00:00.000+01:00
CIUDAD LINEAL,1507,COLINA,15158,158,54,9,8,0,2,2022-12-20T11:03:25.493+01:00,2022-12-01T00:00:00.000+01:00,2022-12-01T00:00:00.000+01:00
CIUDAD LINEAL,1507,COLINA,15158,158,55,8,17,1,1,2022-12-20T11:03:25.493+01:00,2022-12-01T00:00:00.000+01:00,2022-12-01T00:00:00.000+01:00
CIUDAD LINEAL,1507,COLINA,15158,158,62,11,12,0,1,2022-12-20T11:03:25.493+01:00,2022-12-01T00:00:00.000+01:00,2022-12-01T00:00:00.000+01:00
CIUDAD LINEAL,1507,COLINA,15158,158,65,5,9,1,2,2022-12-20T11:03:25.493+01:00,2022-12-01T00:00:00.000+01:00,2022-12-01T00:00:00.000+01:00
CIUDAD LINEAL,1507,COLINA,15158,158,69,10,6,0,1,2022-12-20T11:03:25.493+01:00,2022-12-01T00:00:00.000+01:00,2022-12-01T00:00:00.000+01:00
CIUDAD LINEAL,1507,COLINA,15158,158,70,5,7,0,1,2022-12-20T11:03:25.493+01:00,2022-12-01T00:00:00.000+01:00,2022-12-01T00:00:00.000+01:00
CIUDAD LINEAL,1507,COLINA,15158,158,71,1,7,1,0,2022-12-20T11:03:25.493+01:00,2022-12-01T00:00:00.000+01:00,2022-12-01T00:00:00.000+01:00
CIUDAD LINEAL,1507,COLINA,15158,158,75,2,4,0,0,2022-12-20T11:03:25.493+01:00,2022-12-01T00:00:00.000+01:00,2022-12-01T00:00:00.000+01:00
CIUDAD LINEAL,1507,COLINA,15158,158,88,4,2,0,0,2022-12-20T11:03:25.493+01:00,2022-12-01T00:00:00.000+01:00,2022-12-01T00:00:00.000+01:00
CIUDAD LINEAL,1507,COLINA,15158,158,96,0,2,0,0,2022-12-20T11:03:25.493+01:00,2022-12-01T00:00:00.000+01:00,2022-12-01T00:00:00.000+01:00
CIUDAD LINEAL,1507,COLINA,15154,154,2,1,4,0,1,2022-12-20T11:03:25.800+01:00,2022-12-01T00:00:00.000+01:00,2022-12-01T00:00:00.000+01:00
CIUDAD LINEAL,1507,COLINA,15154,154,5,4,5,0,1,2022-12-20T11:03:25.800+01:00,2022-12-01T00:00:00.000+01:00,2022-12-01T00:00:00.000+01:00
CIUDAD LINEAL,1507,COLINA,15154,154,6,4,4,0,1,2022-12-20T11:03:25.800+01:00,2022-12-01T00:00:00.000+01:00,2022-12-01T00:00:00.000+01:00
CIUDAD LINEAL,1507,COLINA,15154,154,8,5,4,0,1,2022-12-20T11:03:25.800+01:00,2022-12-01T00:00:00.000+01:00,2022-12-01T00:00:00.000+01:00
CIUDAD LINEAL,1507,COLINA,15154,154,10,5,5,0,1,2022-12-20T11:03:25.800+01:00,2022-12-01T00:00:00.000+01:00,2022-12-01T00:00:00.000+01:00
CIUDAD LINEAL,1507,COLINA,15154,154,13,7,5,0,0,2022-12-20T11:03:25.800+01:00,2022-12-01T00:00:00.000+01:00,2022-12-01T00:00:00.000+01:00
CIUDAD LINEAL,1507,COLINA,15154,154,23,3,3,1,3,2022-12-20T11:03:25.800+01:00,2022-12-01T00:00:00.000+01:00,2022-12-01T00:00:00.000+01:00
CIUDAD LINEAL,1507,COLINA,15154,154,27,5,5,1,1,2022-12-20T11:03:25.800+01:00,2022-12-01T00:00:00.000+01:00,2022-12-01T00:00:00.000+01:00
CIUDAD LINEAL,1507,COLINA,15154,154,33,8,7,2,2,2022-12-20T11:03:25.800+01:00,2022-12-01T00:00:00.000+01:00,2022-12-01T00:00:00.000+01:00
CIUDAD LINEAL,1507,COLINA,15154,154,34,6,6,1,2,2022-12-20T11:03:25.800+01:00,2022-12-01T00:00:00.000+01:00,2022-12-01T00:00:00.000+01:00
CIUDAD LINEAL,1507,COLINA,15154,154,36,8,4,2,5,2022-12-20T11:03:25.800+01:00,2022-12-01T00:00:00.000+01:00,2022-12-01T00:00:00.000+01:00
CIUDAD LINEAL,1507,COLINA,15154,154,43,12,5,3,0,2022-12-20T11:03:25.800+01:00,2022-12-01T00:00:00.000+01:00,2022-12-01T00:00:00.000+01:00
CIUDAD LINEAL,1507,COLINA,15154,154,47,6,12,0,1,2022-12-20T11:03:25.800+01:00,2022-12-01T00:00:00.000+01:00,2022-12-01T00:00:00.000+01:00
CIUDAD LINEAL,1507,COLINA,15154,154,50,5,6,2,2,2022-12-20T11:03:25.800+01:00,2022-12-01T00:00:00.000+01:00,2022-12-01T00:00:00.000+01:00
CIUDAD LINEAL,1507,COLINA,15154,154,54,3,8,0,1,2022-12-20T11:03:25.800+01:00,2022-12-01T00:00:00.000+01:00,2022-12-01T00:00:00.000+01:00
CIUDAD LINEAL,1507,COLINA,15154,154,62,12,4,1,2,2022-12-20T11:03:25.800+01:00,2022-12-01T00:00:00.000+01:00,2022-12-01T00:00:00.000+01:00
CIUDAD LINEAL,1507,COLINA,15154,154,67,2,7,1,1,2022-12-20T11:03:25.800+01:00,2022-12-01T00:00:00.000+01:00,2022-12-01T00:00:00.000+01:00
CIUDAD LINEAL,1507,COLINA,15154,154,71,3,6,0,0,2022-12-20T11:03:25.800+01:00,2022-12-01T00:00:00.000+01:00,2022-12-01T00:00:00.000+01:00
CIUDAD LINEAL,1507,COLINA,15154,154,72,3,6,0,1,2022-12-20T11:03:25.800+01:00,2022-12-01T00:00:00.000+01:00,2022-12-01T00:00:00.000+01:00
CIUDAD LINEAL,1507,COLINA,15154,154,80,2,8,0,0,2022-12-20T11:03:25.800+01:00,2022-12-01T00:00:00.000+01:00,2022-12-01T00:00:00.000+01:00
CIUDAD LINEAL,1507,COLINA,15154,154,81,9,4,0,1,2022-12-20T11:03:25.800+01:00,2022-12-01T00:00:00.000+01:00,2022-12-01T00:00:00.000+01:00
CIUDAD LINEAL,1507,COLINA,15154,154,83,2,5,0,0,2022-12-20T11:03:25.800+01:00,2022-12-01T00:00:00.000+01:00,2022-12-01T00:00:00.000+01:00
CIUDAD LINEAL,1507,COLINA,15154,154,85,2,4,0,1,2022-12-20T11:03:25.800+01:00,2022-12-01T00:00:00.000+01:00,2022-12-01T00:00:00.000+01:00
CIUDAD LINEAL,1507,COLINA,15154,154,86,0,5,0,0,2022-12-20T11:03:25.800+01:00,2022-12-01T00:00:00.000+01:00,2022-12-01T00:00:00.000+01:00
CIUDAD LINEAL,1507,COLINA,15154,154,90,0,4,0,0,2022-12-20T11:03:25.800+01:00,2022-12-01T00:00:00.000+01:00,2022-12-01T00:00:00.000+01:00
CIUDAD LINEAL,1507,COLINA,15154,154,94,0,3,0,0,2022-12-20T11:03:25.800+01:00,2022-12-01T00:00:00.000+01:00,2022-12-01T00:00:00.000+01:00
CIUDAD LINEAL,1507,COLINA,15154,154,96,0,1,0,0,2022-12-20T11:03:25.800+01:00,2022-12-01T00:00:00.000+01:00,2022-12-01T00:00:00.000+01:00
CIUDAD LINEAL,1507,COLINA,15154,154,99,0,1,0,0,2022-12-20T11:03:25.800+01:00,2022-12-01T00:00:00.000+01:00,2022-12-01T00:00:00.000+01:00
CIUDAD LINEAL,1507,COLINA,15155,155,0,2,4,1,0,2022-12-20T11:03:25.800+01:00,2022-12-01T00:00:00.000+01:00,2022-12-01T00:00:00.000+01:00
CIUDAD LINEAL,1507,COLINA,15155,155,6,11,5,1,0,2022-12-20T11:03:25.800+01:00,2022-12-01T00:00:00.000+01:00,2022-12-01T00:00:00.000+01:00
CIUDAD LINEAL,1507,COLINA,15155,155,7,7,7,0,0,2022-12-20T11:03:25.800+01:00,2022-12-01T00:00:00.000+01:00,2022-12-01T00:00:00.000+01:00
CIUDAD LINEAL,1507,COLINA,15155,155,15,5,9,2,1,2022-12-20T11:03:25.800+01:00,2022-12-01T00:00:00.000+01:00,2022-12-01T00:00:00.000+01:00
CIUDAD LINEAL,1507,COLINA,15155,155,16,9,10,0,1,2022-12-20T11:03:25.800+01:00,2022-12-01T00:00:00.000+01:00,2022-12-01T00:00:00.000+01:00
CIUDAD LINEAL,1507,COLINA,15155,155,27,4,7,1,2,2022-12-20T11:03:25.800+01:00,2022-12-01T00:00:00.000+01:00,2022-12-01T00:00:00.000+01:00
CIUDAD LINEAL,1507,COLINA,15155,155,31,5,9,0,4,2022-12-20T11:03:25.800+01:00,2022-12-01T00:00:00.000+01:00,2022-12-01T00:00:00.000+01:00
CIUDAD LINEAL,1507,COLINA,15155,155,32,4,4,3,5,2022-12-20T11:03:25.800+01:00,2022-12-01T00:00:00.000+01:00,2022-12-01T00:00:00.000+01:00
CIUDAD LINEAL,1507,COLINA,15155,155,36,5,5,3,2,2022-12-20T11:03:25.800+01:00,2022-12-01T00:00:00.000+01:00,2022-12-01T00:00:00.000+01:00
CIUDAD LINEAL,1507,COLINA,15155,155,40,6,8,1,2,2022-12-20T11:03:25.800+01:00,2022-12-01T00:00:00.000+01:00,2022-12-01T00:00:00.000+01:00
CIUDAD LINEAL,1507,COLINA,15155,155,42,5,14,1,2,2022-12-20T11:03:25.800+01:00,2022-12-01T00:00:00.000+01:00,2022-12-01T00:00:00.000+01:00
CIUDAD LINEAL,1507,COLINA,15155,155,48,10,11,2,0,2022-12-20T11:03:25.800+01:00,2022-12-01T00:00:00.000+01:00,2022-12-01T00:00:00.000+01:00
CIUDAD LINEAL,1507,COLINA,15155,155,57,11,21,0,2,2022-12-20T11:03:25.800+01:00,2022-12-01T00:00:00.000+01:00,2022-12-01T00:00:00.000+01:00
CIUDAD LINEAL,1507,COLINA,15155,155,59,5,12,2,0,2022-12-20T11:03:25.800+01:00,2022-12-01T00:00:00.000+01:00,2022-12-01T00:00:00.000+01:00
CIUDAD LINEAL,1507,COLINA,15155,155,67,4,10,1,1,2022-12-20T11:03:25.800+01:00,2022-12-01T00:00:00.000+01:00,2022-12-01T00:00:00.000+01:00
CIUDAD LINEAL,1507,COLINA,15155,155,70,8,15,2,1,2022-12-20T11:03:25.800+01:00,2022-12-01T00:00:00.000+01:00,2022-12-01T00:00:00.000+01:00
CIUDAD LINEAL,1507,COLINA,15155,155,77,8,7,0,0,2022-12-20T11:03:25.800+01:00,2022-12-01T00:00:00.000+01:00,2022-12-01T00:00:00.000+01:00
CIUDAD LINEAL,1507,COLINA,15155,155,83,4,5,0,0,2022-12-20T11:03:25.800+01:00,2022-12-01T00:00:00.000+01:00,2022-12-01T00:00:00.000+01:00
CIUDAD LINEAL,1507,COLINA,15155,155,85,3,4,0,0,2022-12-20T11:03:25.800+01:00,2022-12-01T00:00:00.000+01:00,2022-12-01T00:00:00.000+01:00
CIUDAD LINEAL,1507,COLINA,15155,155,87,3,2,0,0,2022-12-20T11:03:25.800+01:00,2022-12-01T00:00:00.000+01:00,2022-12-01T00:00:00.000+01:00
CIUDAD LINEAL,1507,COLINA,15155,155,88,5,2,0,0,2022-12-20T11:03:25.800+01:00,2022-12-01T00:00:00.000+01:00,2022-12-01T00:00:00.000+01:00
CIUDAD LINEAL,1507,COLINA,15156,156,7,9,9,2,0,2022-12-20T11:03:25.800+01:00,2022-12-01T00:00:00.000+01:00,2022-12-01T00:00:00.000+01:00
CIUDAD LINEAL,1507,COLINA,15156,156,13,5,4,0,0,2022-12-20T11:03:25.800+01:00,2022-12-01T00:00:00.000+01:00,2022-12-01T00:00:00.000+01:00
CIUDAD LINEAL,1507,COLINA,15156,156,16,6,7,0,1,2022-12-20T11:03:25.800+01:00,2022-12-01T00:00:00.000+01:00,2022-12-01T00:00:00.000+01:00
CIUDAD LINEAL,1507,COLINA,15156,156,17,5,5,3,0,2022-12-20T11:03:25.800+01:00,2022-12-01T00:00:00.000+01:00,2022-12-01T00:00:00.000+01:00
CIUDAD LINEAL,1507,COLINA,15156,156,18,7,6,0,0,2022-12-20T11:03:25.800+01:00,2022-12-01T00:00:00.000+01:00,2022-12-01T00:00:00.000+01:00
CIUDAD LINEAL,1507,COLINA,15156,156,20,4,5,0,1,2022-12-20T11:03:25.800+01:00,2022-12-01T00:00:00.000+01:00,2022-12-01T00:00:00.000+01:00
CIUDAD LINEAL,1507,COLINA,15156,156,23,4,5,3,4,2022-12-20T11:03:25.800+01:00,2022-12-01T00:00:00.000+01:00,2022-12-01T00:00:00.000+01:00
CIUDAD LINEAL,1507,COLINA,15156,156,24,2,9,1,3,2022-12-20T11:03:25.800+01:00,2022-12-01T00:00:00.000+01:00,2022-12-01T00:00:00.000+01:00
CIUDAD LINEAL,1507,COLINA,15156,156,35,8,7,1,4,2022-12-20T11:03:25.800+01:00,2022-12-01T00:00:00.000+01:00,2022-12-01T00:00:00.000+01:00
CIUDAD LINEAL,1507,COLINA,15156,156,40,7,8,2,4,2022-12-20T11:03:25.800+01:00,2022-12-01T00:00:00.000+01:00,2022-12-01T00:00:00.000+01:00
CIUDAD LINEAL,1507,COLINA,15156,156,41,10,17,1,2,2022-12-20T11:03:25.800+01:00,2022-12-01T00:00:00.000+01:00,2022-12-01T00:00:00.000+01:00
CIUDAD LINEAL,1507,COLINA,15156,156,44,9,12,1,2,2022-12-20T11:03:25.800+01:00,2022-12-01T00:00:00.000+01:00,2022-12-01T00:00:00.000+01:00
CIUDAD LINEAL,1507,COLINA,15156,156,46,9,13,3,3,2022-12-20T11:03:25.800+01:00,2022-12-01T00:00:00.000+01:00,2022-12-01T00:00:00.000+01:00
CIUDAD LINEAL,1507,COLINA,15156,156,47,12,8,2,2,2022-12-20T11:03:25.800+01:00,2022-12-01T00:00:00.000+01:00,2022-12-01T00:00:00.000+01:00
CIUDAD LINEAL,1507,COLINA,15156,156,52,8,12,3,2,2022-12-20T11:03:25.800+01:00,2022-12-01T00:00:00.000+01:00,2022-12-01T00:00:00.000+01:00
CIUDAD LINEAL,1507,COLINA,15156,156,62,3,8,0,2,2022-12-20T11:03:25.800+01:00,2022-12-01T00:00:00.000+01:00,2022-12-01T00:00:00.000+01:00
CIUDAD LINEAL,1507,COLINA,15156,156,64,8,4,0,0,2022-12-20T11:03:25.800+01:00,2022-12-01T00:00:00.000+01:00,2022-12-01T00:00:00.000+01:00
CIUDAD LINEAL,1507,COLINA,15156,156,67,6,4,0,1,2022-12-20T11:03:25.800+01:00,2022-12-01T00:00:00.000+01:00,2022-12-01T00:00:00.000+01:00
CIUDAD LINEAL,1507,COLINA,15156,156,74,2,7,0,0,2022-12-20T11:03:25.800+01:00,2022-12-01T00:00:00.000+01:00,2022-12-01T00:00:00.000+01:00
CIUDAD LINEAL,1507,COLINA,15156,156,76,3,10,0,0,2022-12-20T11:03:25.800+01:00,2022-12-01T00:00:00.000+01:00,2022-12-01T00:00:00.000+01:00
CIUDAD LINEAL,1507,COLINA,15156,156,81,2,6,0,0,2022-12-20T11:03:25.800+01:00,2022-12-01T00:00:00.000+01:00,2022-12-01T00:00:00.000+01:00
CIUDAD LINEAL,1507,COLINA,15156,156,99,1,0,0,0,2022-12-20T11:03:25.800+01:00,2022-12-01T00:00:00.000+01:00,2022-12-01T00:00:00.000+01:00
CIUDAD LINEAL,1507,COLINA,15157,157,0,0,4,0,1,2022-12-20T11:03:25.800+01:00,2022-12-01T00:00:00.000+01:00,2022-12-01T00:00:00.000+01:00
CIUDAD LINEAL,1507,COLINA,15157,157,4,1,7,0,1,2022-12-20T11:03:25.800+01:00,2022-12-01T00:00:00.000+01:00,2022-12-01T00:00:00.000+01:00
CIUDAD LINEAL,1507,COLINA,15157,157,5,0,2,1,0,2022-12-20T11:03:25.800+01:00,2022-12-01T00:00:00.000+01:00,2022-12-01T00:00:00.000+01:00
CIUDAD LINEAL,1507,COLINA,15157,157,14,5,2,2,0,2022-12-20T11:03:25.800+01:00,2022-12-01T00:00:00.000+01:00,2022-12-01T00:00:00.000+01:00
CIUDAD LINEAL,1507,COLINA,15157,157,23,9,3,1,0,2022-12-20T11:03:25.800+01:00,2022-12-01T00:00:00.000+01:00,2022-12-01T00:00:00.000+01:00
CIUDAD LINEAL,1507,COLINA,15157,157,32,10,1,6,5,2022-12-20T11:03:25.800+01:00,2022-12-01T00:00:00.000+01:00,2022-12-01T00:00:00.000+01:00
CIUDAD LINEAL,1507,COLINA,15157,157,40,3,6,1,1,2022-12-20T11:03:25.800+01:00,2022-12-01T00:00:00.000+01:00,2022-12-01T00:00:00.000+01:00
CIUDAD LINEAL,1507,COLINA,15157,157,48,5,9,1,1,2022-12-20T11:03:25.800+01:00,2022-12-01T00:00:00.000+01:00,2022-12-01T00:00:00.000+01:00
CIUDAD LINEAL,1507,COLINA,15157,157,49,6,7,1,1,2022-12-20T11:03:25.800+01:00,2022-12-01T00:00:00.000+01:00,2022-12-01T00:00:00.000+01:00
CIUDAD LINEAL,1507,COLINA,15157,157,51,7,8,2,2,2022-12-20T11:03:25.800+01:00,2022-12-01T00:00:00.000+01:00,2022-12-01T00:00:00.000+01:00
CIUDAD LINEAL,1507,COLINA,15157,157,52,6,12,2,1,2022-12-20T11:03:25.800+01:00,2022-12-01T00:00:00.000+01:00,2022-12-01T00:00:00.000+01:00
CIUDAD LINEAL,1507,COLINA,15157,157,55,8,9,0,0,2022-12-20T11:03:25.800+01:00,2022-12-01T00:00:00.000+01:00,2022-12-01T00:00:00.000+01:00
CIUDAD LINEAL,1507,COLINA,15157,157,56,8,8,0,0,2022-12-20T11:03:25.803+01:00,2022-12-01T00:00:00.000+01:00,2022-12-01T00:00:00.000+01:00
CIUDAD LINEAL,1507,COLINA,15157,157,60,2,10,0,0,2022-12-20T11:03:25.803+01:00,2022-12-01T00:00:00.000+01:00,2022-12-01T00:00:00.000+01:00
CIUDAD LINEAL,1507,COLINA,15157,157,69,7,3,0,0,2022-12-20T11:03:25.803+01:00,2022-12-01T00:00:00.000+01:00,2022-12-01T00:00:00.000+01:00
CIUDAD LINEAL,1507,COLINA,15157,157,72,3,2,0,1,2022-12-20T11:03:25.803+01:00,2022-12-01T00:00:00.000+01:00,2022-12-01T00:00:00.000+01:00
CIUDAD LINEAL,1507,COLINA,15157,157,76,1,5,0,0,2022-12-20T11:03:25.803+01:00,2022-12-01T00:00:00.000+01:00,2022-12-01T00:00:00.000+01:00
CIUDAD LINEAL,1507,COLINA,15157,157,83,1,1,0,0,2022-12-20T11:03:25.803+01:00,2022-12-01T00:00:00.000+01:00,2022-12-01T00:00:00.000+01:00
CIUDAD LINEAL,1507,COLINA,15157,157,84,3,6,1,0,2022-12-20T11:03:25.803+01:00,2022-12-01T00:00:00.000+01:00,2022-12-01T00:00:00.000+01:00
CIUDAD LINEAL,1507,COLINA,15157,157,88,4,3,0,0,2022-12-20T11:03:25.803+01:00,2022-12-01T00:00:00.000+01:00,2022-12-01T00:00:00.000+01:00
CIUDAD LINEAL,1507,COLINA,15157,157,98,0,1,0,0,2022-12-20T11:03:25.803+01:00,2022-12-01T00:00:00.000+01:00,2022-12-01T00:00:00.000+01:00
CIUDAD LINEAL,1507,COLINA,15157,157,101,0,1,0,0,2022-12-20T11:03:25.803+01:00,2022-12-01T00:00:00.000+01:00,2022-12-01T00:00:00.000+01:00
CIUDAD LINEAL,1507,COLINA,15158,158,4,4,8,2,1,2022-12-20T11:03:25.803+01:00,2022-12-01T00:00:00.000+01:00,2022-12-01T00:00:00.000+01:00
CIUDAD LINEAL,1507,COLINA,15158,158,13,16,3,0,1,2022-12-20T11:03:25.803+01:00,2022-12-01T00:00:00.000+01:00,2022-12-01T00:00:00.000+01:00
CIUDAD LINEAL,1507,COLINA,15158,158,15,7,7,0,1,2022-12-20T11:03:25.803+01:00,2022-12-01T00:00:00.000+01:00,2022-12-01T00:00:00.000+01:00
CIUDAD LINEAL,1507,COLINA,15158,158,21,9,4,0,2,2022-12-20T11:03:25.803+01:00,2022-12-01T00:00:00.000+01:00,2022-12-01T00:00:00.000+01:00
CIUDAD LINEAL,1507,COLINA,15158,158,40,6,2,1,2,2022-12-20T11:03:25.803+01:00,2022-12-01T00:00:00.000+01:00,2022-12-01T00:00:00.000+01:00
CIUDAD LINEAL,1507,COLINA,15158,158,44,11,14,2,3,2022-12-20T11:03:25.803+01:00,2022-12-01T00:00:00.000+01:00,2022-12-01T00:00:00.000+01:00
CIUDAD LINEAL,1507,COLINA,15158,158,48,13,9,3,1,2022-12-20T11:03:25.803+01:00,2022-12-01T00:00:00.000+01:00,2022-12-01T00:00:00.000+01:00
CIUDAD LINEAL,1507,COLINA,15158,158,53,5,8,0,0,2022-12-20T11:03:25.803+01:00,2022-12-01T00:00:00.000+01:00,2022-12-01T00:00:00.000+01:00
CIUDAD LINEAL,1507,COLINA,15158,158,59,3,15,0,1,2022-12-20T11:03:25.803+01:00,2022-12-01T00:00:00.000+01:00,2022-12-01T00:00:00.000+01:00
CIUDAD LINEAL,1507,COLINA,15158,158,61,8,6,1,1,2022-12-20T11:03:25.803+01:00,2022-12-01T00:00:00.000+01:00,2022-12-01T00:00:00.000+01:00
CIUDAD LINEAL,1507,COLINA,15158,158,74,7,11,0,0,2022-12-20T11:03:25.803+01:00,2022-12-01T00:00:00.000+01:00,2022-12-01T00:00:00.000+01:00
CIUDAD LINEAL,1507,COLINA,15158,158,76,4,15,0,0,2022-12-20T11:03:25.803+01:00,2022-12-01T00:00:00.000+01:00,2022-12-01T00:00:00.000+01:00
CIUDAD LINEAL,1507,COLINA,15158,158,78,5,9,0,0,2022-12-20T11:03:25.803+01:00,2022-12-01T00:00:00.000+01:00,2022-12-01T00:00:00.000+01:00
CIUDAD LINEAL,1507,COLINA,15158,158,79,5,11,0,0,2022-12-20T11:03:25.803+01:00,2022-12-01T00:00:00.000+01:00,2022-12-01T00:00:00.000+01:00
CIUDAD LINEAL,1507,COLINA,15158,158,80,9,3,0,0,2022-12-20T11:03:25.803+01:00,2022-12-01T00:00:00.000+01:00,2022-12-01T00:00:00.000+01:00
CIUDAD LINEAL,1507,COLINA,15158,158,82,0,8,0,0,2022-12-20T11:03:25.803+01:00,2022-12-01T00:00:00.000+01:00,2022-12-01T00:00:00.000+01:00
CIUDAD LINEAL,1507,COLINA,15158,158,86,2,4,0,0,2022-12-20T11:03:25.803+01:00,2022-12-01T00:00:00.000+01:00,2022-12-01T00:00:00.000+01:00
CIUDAD LINEAL,1507,COLINA,15158,158,87,3,2,0,0,2022-12-20T11:03:25.803+01:00,2022-12-01T00:00:00.000+01:00,2022-12-01T00:00:00.000+01:00
